1 2 37 
1 3 74 
1 4 97 
1 5 93 
1 6 56 
1 7 2 
8 1 17 
1 9 71 
1 10 73 
1 11 17 
8 9 40 
12 1 29 
1 13 25 
8 10 93 
1 14 12 
8 11 42 
1 15 0 
8 12 81 
8 13 11 
14 8 99 
8 15 37 
2 3 95 
2 4 17 
2 5 99 
2 6 38 
2 7 81 
8 2 63 
2 9 97 
10 2 79 
2 11 29 
2 12 10 
9 10 17 
2 14 57 
9 11 23 
2 15 95 
9 12 17 
9 13 6 
9 14 42 
9 15 40 
3 4 73 
3 5 97 
6 3 75 
3 7 9 
3 8 12 
3 9 60 
3 10 9 
11 3 83 
12 3 87 
3 13 39 
3 14 21 
11 10 82 
15 3 12 
10 14 32 
10 15 12 
4 5 88 
6 4 93 
7 4 6 
4 8 87 
4 9 79 
4 11 99 
4 12 3 
4 13 87 
4 14 40 
4 15 58 
11 12 32 
11 13 90 
14 11 89 
11 15 13 
5 6 58 
5 7 42 
5 8 63 
5 9 56 
5 10 86 
5 11 59 
5 12 94 
5 13 22 
5 14 58 
5 15 37 
12 13 2 
12 14 90 
12 15 84 
6 7 46 
6 8 34 
6 9 56 
6 10 32 
6 11 53 
6 12 44 
6 13 13 
6 14 0 
6 15 79 
14 13 87 
13 15 6 
0 1 12 
2 0 25 
0 3 95 
0 4 81 
0 5 73 
0 6 39 
0 7 77 
0 8 4 
0 9 0 
0 10 34 
7 8 54 
0 12 73 
7 9 66 
0 13 90 
7 10 27 
0 14 88 
11 7 47 
0 15 70 
7 12 57 
13 7 92 
14 7 30 
7 15 27 
14 15 49 
