0 1 52 
2 0 70 
3 0 92 
0 4 2 
0 5 60 
0 6 61 
0 7 94 
0 8 10 
0 9 48 
0 10 38 
0 11 26 
12 0 9 
0 13 15 
0 14 68 
0 15 25 
0 16 33 
0 17 3 
0 18 24 
0 19 28 
20 0 70 
0 21 63 
0 22 30 
0 23 41 
0 24 86 
0 25 64 
0 27 55 
0 28 9 
0 29 34 
0 30 96 
31 0 48 
0 32 24 
0 33 98 
0 34 89 
0 35 43 
0 36 23 
0 38 94 
0 39 70 
1 2 49 
0 40 22 
1 3 21 
0 41 83 
4 1 16 
0 42 69 
1 5 81 
0 43 55 
1 6 33 
1 7 17 
44 0 98 
1 8 45 
45 0 9 
0 46 82 
1 9 41 
1 10 67 
47 0 69 
0 48 38 
1 11 45 
0 49 66 
12 1 29 
0 50 35 
1 13 0 
0 51 76 
1 14 8 
0 52 98 
15 1 31 
0 53 12 
1 16 39 
0 54 16 
17 1 71 
1 18 94 
55 0 22 
0 56 15 
1 19 43 
0 57 76 
1 20 75 
0 58 74 
1 21 66 
0 59 31 
1 22 76 
0 60 65 
1 23 52 
24 1 97 
61 0 75 
0 62 42 
1 25 10 
0 63 4 
1 26 93 
0 64 88 
1 27 32 
28 1 63 
65 0 42 
0 66 31 
1 29 29 
0 67 79 
1 30 71 
1 31 30 
0 69 60 
1 32 81 
33 1 67 
70 0 57 
1 34 96 
71 0 94 
0 72 9 
35 1 44 
0 73 51 
1 36 78 
0 74 13 
37 1 8 
0 75 86 
1 38 23 
1 39 96 
76 0 20 
1 40 44 
2 3 46 
0 78 36 
1 41 6 
2 4 9 
0 79 45 
1 42 95 
2 5 82 
0 80 0 
0 81 71 
1 44 77 
2 7 41 
0 82 31 
1 45 50 
2 8 70 
0 83 99 
2 9 99 
0 84 42 
1 47 12 
2 10 92 
0 85 40 
1 48 5 
2 11 90 
0 86 73 
1 49 9 
2 12 57 
0 87 22 
1 50 48 
2 13 40 
0 88 88 
1 51 69 
2 14 24 
0 89 1 
2 15 36 
52 1 8 
0 90 24 
2 16 86 
53 1 78 
0 91 57 
1 54 91 
2 17 80 
0 92 40 
2 18 64 
55 1 61 
0 93 60 
1 56 6 
2 19 63 
1 57 94 
2 20 10 
94 0 4 
0 95 46 
21 2 86 
58 1 84 
0 96 51 
22 2 47 
59 1 67 
0 97 87 
1 60 43 
2 23 70 
0 98 8 
1 61 18 
2 24 71 
0 99 54 
1 62 35 
2 25 34 
0 100 23 
1 63 59 
26 2 85 
1 64 58 
2 27 81 
0 102 7 
1 65 9 
0 103 19 
2 29 30 
0 104 16 
1 67 97 
2 30 38 
0 105 49 
1 68 44 
0 106 70 
1 69 58 
2 32 43 
1 70 4 
2 33 2 
107 0 80 
2 34 96 
71 1 26 
0 109 0 
1 72 48 
2 35 98 
0 110 91 
2 36 80 
73 1 72 
1 74 86 
111 0 60 
0 112 50 
1 75 45 
2 38 96 
0 113 50 
39 2 79 
0 114 98 
1 77 44 
2 40 50 
2 41 27 
78 1 67 
115 0 35 
0 116 2 
1 79 55 
2 42 59 
5 3 13 
0 117 27 
2 43 87 
3 6 31 
0 118 71 
2 44 47 
3 7 65 
81 1 81 
0 119 68 
1 82 80 
2 45 25 
3 8 21 
0 120 51 
3 9 85 
46 2 90 
83 1 69 
1 84 53 
2 47 86 
10 3 49 
121 0 96 
0 122 99 
1 85 83 
2 48 90 
3 11 96 
0 123 41 
1 86 12 
2 49 44 
3 12 51 
0 124 11 
1 87 82 
2 50 39 
3 13 78 
2 51 2 
3 14 95 
88 1 22 
125 0 90 
0 126 69 
1 89 82 
2 52 19 
3 15 73 
0 127 30 
1 90 72 
2 53 16 
3 16 56 
3 17 5 
54 2 1 
91 1 81 
1 92 16 
2 55 82 
3 18 24 
1 93 74 
2 56 15 
3 19 9 
1 94 74 
2 57 75 
3 20 4 
1 95 20 
2 58 67 
21 3 49 
1 96 31 
2 59 67 
3 22 38 
1 97 55 
3 23 25 
60 2 1 
1 98 20 
24 3 95 
61 2 28 
1 99 94 
3 25 26 
1 100 36 
2 63 19 
3 26 56 
1 101 33 
2 64 83 
3 27 62 
2 65 97 
2 66 58 
3 29 14 
103 1 32 
1 104 53 
2 67 92 
3 30 71 
1 105 90 
2 68 38 
3 31 22 
1 106 37 
2 69 71 
3 32 76 
2 70 83 
3 33 89 
107 1 55 
2 71 0 
3 34 54 
108 1 85 
1 109 26 
2 72 54 
3 35 4 
1 110 75 
2 73 96 
3 36 49 
2 74 95 
37 3 31 
111 1 42 
2 75 37 
38 3 35 
112 1 75 
2 76 10 
3 39 32 
1 114 42 
2 77 60 
3 40 87 
1 115 61 
3 41 48 
78 2 87 
1 116 44 
2 79 85 
5 4 52 
42 3 21 
2 80 70 
3 43 89 
6 4 59 
1 118 20 
2 81 87 
3 44 9 
4 7 23 
1 119 87 
2 82 87 
3 45 49 
4 8 41 
1 120 87 
2 83 99 
9 4 5 
46 3 80 
1 121 6 
2 84 59 
3 47 71 
4 10 88 
1 122 58 
2 85 20 
3 48 11 
4 11 59 
1 123 12 
4 12 45 
49 3 38 
86 2 7 
1 124 22 
2 87 43 
3 50 51 
4 13 28 
1 125 30 
3 51 96 
4 14 39 
1 126 28 
3 52 92 
4 15 90 
89 2 2 
1 127 63 
2 90 9 
3 53 65 
4 16 29 
3 54 52 
4 17 4 
91 2 52 
2 92 22 
4 18 56 
55 3 33 
2 93 80 
3 56 21 
19 4 80 
3 57 31 
2 95 9 
3 58 67 
21 4 67 
3 59 37 
4 22 8 
96 2 99 
2 97 3 
3 60 86 
4 23 27 
2 98 32 
3 61 35 
4 24 9 
4 25 89 
62 3 3 
2 100 96 
4 26 73 
63 3 9 
2 101 18 
3 64 58 
4 27 97 
2 102 81 
3 65 86 
4 28 22 
2 103 31 
3 66 33 
4 29 94 
3 67 43 
4 30 98 
104 2 18 
2 105 54 
3 68 82 
2 106 16 
3 69 90 
4 33 20 
2 108 98 
3 71 25 
4 34 22 
2 109 2 
3 72 55 
4 35 39 
3 73 31 
36 4 42 
2 111 46 
3 74 56 
4 37 61 
2 112 3 
4 38 8 
75 3 91 
2 113 28 
3 76 56 
4 39 58 
2 114 77 
3 77 43 
4 40 36 
2 115 34 
3 78 37 
4 41 10 
2 116 11 
3 79 6 
4 42 63 
2 117 90 
3 80 89 
4 43 83 
6 5 37 
2 118 57 
3 81 35 
4 44 55 
7 5 88 
2 119 45 
3 82 75 
4 45 1 
5 8 54 
2 120 9 
3 83 39 
4 46 98 
9 5 17 
3 84 94 
47 4 45 
121 2 83 
2 122 64 
3 85 78 
4 48 47 
5 11 8 
2 123 67 
4 49 92 
5 12 53 
86 3 14 
2 124 70 
3 87 10 
4 50 14 
5 13 98 
2 125 90 
3 88 71 
4 51 66 
5 14 89 
2 126 11 
3 89 56 
15 5 87 
52 4 57 
2 127 91 
3 90 57 
4 53 22 
5 16 69 
3 91 9 
4 54 11 
5 17 30 
3 92 59 
4 55 77 
5 18 8 
3 93 24 
3 94 81 
4 57 35 
5 20 88 
3 95 98 
4 58 87 
5 21 98 
3 96 44 
4 59 48 
5 22 57 
3 97 25 
5 23 43 
4 61 90 
5 24 8 
3 99 10 
4 62 57 
3 100 60 
4 63 75 
5 26 71 
3 101 57 
4 64 29 
5 27 31 
4 65 60 
5 28 55 
102 3 5 
3 103 71 
4 66 12 
5 29 81 
3 104 78 
5 30 33 
67 4 72 
3 105 94 
4 68 40 
31 5 85 
3 106 17 
4 69 71 
5 32 78 
3 107 33 
4 70 59 
5 33 14 
3 108 28 
4 71 30 
5 34 95 
3 109 12 
4 72 86 
5 35 96 
3 110 26 
4 73 5 
36 5 12 
4 74 69 
5 37 28 
111 3 80 
5 38 31 
75 4 64 
112 3 32 
3 113 71 
39 5 26 
76 4 43 
3 114 67 
4 77 57 
5 40 7 
3 115 18 
5 41 4 
3 116 73 
4 79 70 
5 42 57 
3 117 73 
4 80 20 
43 5 56 
4 81 65 
5 44 64 
6 7 63 
3 119 94 
5 45 64 
6 8 37 
3 120 17 
4 83 97 
5 46 25 
9 6 83 
3 121 66 
4 84 54 
5 47 30 
6 10 31 
3 122 52 
4 85 93 
5 48 85 
11 6 40 
3 123 81 
4 86 25 
12 6 69 
49 5 1 
3 124 67 
4 87 18 
5 50 89 
6 13 65 
3 125 57 
5 51 20 
6 14 13 
3 126 1 
4 89 67 
5 52 84 
6 15 13 
4 90 13 
5 53 97 
6 16 79 
4 91 63 
5 54 96 
6 17 40 
4 92 29 
5 55 3 
6 18 29 
4 93 47 
5 56 79 
6 19 72 
4 94 3 
5 57 37 
6 20 38 
4 95 49 
5 58 12 
6 21 36 
4 96 48 
5 59 72 
6 22 98 
5 60 17 
6 23 36 
97 4 61 
4 98 22 
6 24 74 
61 5 89 
4 99 63 
5 62 10 
6 25 0 
5 63 60 
6 26 76 
100 4 82 
4 101 49 
5 64 81 
6 27 53 
4 102 93 
5 65 90 
6 28 86 
4 103 37 
5 66 70 
29 6 2 
4 104 68 
30 6 43 
67 5 7 
4 105 89 
5 68 4 
31 6 84 
5 69 13 
6 32 88 
4 107 64 
5 70 32 
6 33 60 
4 108 47 
5 71 40 
6 34 42 
4 109 50 
5 72 97 
6 35 85 
4 110 82 
5 73 41 
6 36 63 
4 111 38 
5 74 55 
37 6 86 
5 75 50 
6 38 48 
112 4 18 
4 113 40 
5 76 39 
39 6 67 
4 114 9 
5 77 57 
6 40 19 
4 115 57 
5 78 94 
6 41 79 
5 79 57 
6 42 32 
116 4 82 
4 117 71 
5 80 85 
43 6 36 
4 118 69 
5 81 43 
6 44 7 
4 119 42 
5 82 87 
6 45 33 
7 8 91 
4 120 40 
5 83 91 
7 9 32 
46 6 20 
4 121 16 
5 84 98 
6 47 47 
7 10 12 
4 122 42 
5 85 4 
11 7 96 
48 6 36 
4 123 93 
5 86 59 
6 49 21 
7 12 16 
4 124 2 
5 87 68 
6 50 48 
7 13 18 
4 125 70 
5 88 20 
6 51 73 
14 7 92 
5 89 94 
6 52 66 
7 15 75 
126 4 84 
4 127 85 
5 90 30 
6 53 85 
7 16 44 
5 91 97 
6 54 77 
7 17 66 
7 18 79 
92 5 11 
5 93 23 
6 56 25 
7 19 91 
5 94 6 
6 57 87 
6 58 26 
7 21 45 
95 5 12 
5 96 14 
6 59 55 
22 7 61 
6 60 50 
7 23 75 
97 5 5 
5 98 25 
6 61 95 
7 24 61 
5 99 82 
6 62 70 
5 100 89 
6 63 63 
7 26 39 
5 101 38 
6 64 12 
27 7 12 
7 28 82 
65 6 1 
102 5 57 
6 66 45 
29 7 70 
103 5 87 
6 67 1 
7 30 54 
6 68 35 
7 31 51 
105 5 65 
5 106 40 
7 32 0 
69 6 73 
5 107 15 
6 70 26 
33 7 19 
5 108 71 
7 34 31 
71 6 24 
5 109 11 
6 72 4 
7 35 10 
6 73 56 
7 36 66 
110 5 93 
5 111 28 
6 74 80 
7 37 21 
5 112 58 
6 75 23 
7 38 99 
5 113 41 
6 76 67 
7 39 80 
5 114 95 
7 40 90 
77 6 28 
5 115 77 
6 78 37 
7 41 42 
5 116 10 
6 79 6 
7 42 53 
5 117 69 
6 80 26 
43 7 0 
5 118 13 
6 81 92 
7 44 66 
5 119 21 
7 45 98 
82 6 32 
5 120 71 
6 83 75 
8 9 26 
46 7 88 
6 84 74 
7 47 56 
10 8 23 
6 85 20 
7 48 81 
8 11 10 
122 5 34 
5 123 14 
6 86 47 
7 49 86 
8 12 49 
5 124 87 
6 87 84 
8 13 38 
50 7 85 
5 125 89 
6 88 55 
8 14 58 
51 7 64 
5 126 92 
7 52 80 
8 15 75 
89 6 16 
5 127 89 
6 90 93 
7 53 36 
8 16 84 
6 91 66 
8 17 29 
6 92 82 
8 18 40 
55 7 45 
7 56 25 
8 19 26 
93 6 43 
6 94 65 
7 57 92 
8 20 96 
6 95 92 
7 58 19 
8 21 56 
6 96 4 
7 59 94 
8 22 28 
7 60 3 
8 23 92 
97 6 84 
6 98 88 
7 61 16 
8 24 51 
6 99 73 
7 62 34 
25 8 85 
6 100 5 
8 26 8 
7 64 5 
8 27 26 
101 6 53 
6 102 4 
7 65 60 
8 28 37 
7 66 32 
8 29 52 
103 6 68 
6 104 86 
7 67 88 
8 30 4 
6 105 87 
7 68 61 
8 31 40 
6 106 44 
7 69 21 
8 32 1 
6 107 60 
7 70 0 
33 8 1 
6 108 71 
7 71 5 
8 34 35 
7 72 59 
8 35 59 
109 6 90 
6 110 98 
7 73 17 
8 36 14 
8 37 51 
74 7 91 
111 6 55 
6 112 2 
7 75 41 
8 38 24 
6 113 50 
76 7 78 
6 114 10 
7 77 44 
8 40 84 
6 115 57 
7 78 59 
8 41 48 
6 116 58 
7 79 12 
8 42 42 
6 117 57 
7 80 41 
8 43 99 
6 118 89 
7 81 19 
44 8 50 
6 119 95 
7 82 35 
8 45 79 
6 120 41 
7 83 40 
46 8 69 
6 121 29 
7 84 35 
9 10 21 
47 8 2 
7 85 5 
8 48 96 
9 11 19 
122 6 88 
6 123 89 
7 86 14 
8 49 47 
8 50 94 
9 13 78 
87 7 86 
6 125 20 
7 88 97 
14 9 97 
51 8 88 
6 126 96 
7 89 18 
9 15 99 
6 127 31 
7 90 66 
8 53 3 
16 9 37 
7 91 55 
8 54 54 
9 17 93 
8 55 75 
9 18 66 
92 7 25 
8 56 23 
9 19 33 
93 7 38 
7 94 11 
8 57 81 
9 20 17 
9 21 40 
58 8 56 
95 7 48 
9 22 12 
59 8 53 
96 7 99 
7 97 45 
8 60 71 
23 9 83 
8 61 22 
24 9 25 
7 99 19 
8 62 70 
9 25 1 
7 100 30 
8 63 90 
9 26 15 
7 101 35 
8 64 3 
9 27 47 
7 102 97 
9 28 33 
65 8 25 
7 103 66 
8 66 61 
29 9 50 
8 67 87 
9 30 42 
104 7 76 
7 105 4 
9 31 89 
68 8 12 
7 106 70 
8 69 78 
9 32 29 
7 107 54 
8 70 94 
9 33 21 
7 108 89 
9 34 1 
71 8 55 
7 109 83 
8 72 0 
9 35 34 
7 110 97 
8 73 44 
9 36 80 
7 111 84 
9 37 90 
74 8 97 
7 112 76 
9 38 97 
75 8 95 
7 113 63 
9 39 25 
76 8 93 
7 114 6 
8 77 42 
9 40 26 
7 115 20 
8 78 54 
7 116 26 
8 79 59 
9 42 5 
7 117 66 
8 80 85 
9 43 94 
8 81 48 
9 44 56 
118 7 82 
7 119 76 
9 45 79 
82 8 64 
7 120 63 
8 83 34 
9 46 72 
8 84 55 
9 47 34 
121 7 37 
7 122 29 
10 11 81 
48 9 77 
7 123 68 
9 49 33 
12 10 66 
86 8 89 
8 87 64 
9 50 67 
10 13 20 
7 125 77 
9 51 86 
10 14 42 
88 8 56 
7 126 95 
8 89 74 
9 52 29 
15 10 16 
7 127 22 
8 90 43 
9 53 59 
10 16 96 
8 91 77 
9 54 78 
10 17 60 
18 10 1 
55 9 99 
92 8 57 
8 93 98 
9 56 4 
19 10 73 
8 94 92 
9 57 71 
20 10 10 
8 95 95 
10 21 80 
8 96 50 
9 59 60 
10 22 19 
8 97 62 
9 60 10 
10 23 32 
9 61 92 
24 10 57 
98 8 55 
9 62 13 
10 25 69 
99 8 43 
8 100 65 
9 63 52 
10 26 44 
8 101 12 
9 64 89 
10 27 7 
8 102 36 
10 28 66 
8 103 91 
9 66 28 
10 29 91 
8 104 64 
9 67 1 
30 10 75 
8 105 82 
9 68 9 
10 31 36 
9 69 55 
32 10 86 
8 107 64 
9 70 64 
10 33 87 
8 108 56 
9 71 60 
8 109 94 
9 72 45 
35 10 74 
8 110 13 
9 73 79 
10 36 94 
8 111 32 
9 74 41 
10 37 6 
8 112 50 
9 75 54 
10 38 6 
8 113 94 
9 76 34 
10 39 4 
8 114 95 
9 77 80 
10 40 25 
8 115 18 
9 78 98 
10 41 99 
8 116 90 
9 79 61 
10 42 68 
8 117 87 
9 80 23 
43 10 91 
8 118 86 
44 10 27 
81 9 72 
8 119 53 
9 82 15 
10 45 48 
9 83 44 
120 8 18 
8 121 4 
9 84 43 
10 47 17 
8 122 5 
9 85 9 
8 123 89 
9 86 10 
49 10 44 
8 124 39 
9 87 85 
10 50 45 
13 11 70 
8 125 23 
9 88 94 
10 51 21 
11 14 9 
8 126 83 
9 89 82 
10 52 66 
11 15 49 
8 127 29 
9 90 97 
10 53 5 
11 16 92 
10 54 42 
11 17 81 
91 9 88 
9 92 43 
10 55 9 
11 18 2 
9 93 72 
10 56 42 
11 19 54 
9 94 91 
10 57 9 
20 11 92 
10 58 16 
11 21 61 
95 9 94 
9 96 73 
10 59 15 
11 22 69 
9 97 52 
10 60 72 
11 23 70 
9 98 68 
24 11 93 
61 10 45 
9 99 36 
10 62 56 
25 11 93 
9 100 12 
10 63 77 
11 26 3 
9 101 79 
10 64 7 
11 27 32 
9 102 53 
11 28 86 
65 10 3 
9 103 12 
11 29 50 
66 10 98 
9 104 54 
10 67 35 
11 30 48 
9 105 34 
11 31 78 
68 10 24 
9 106 58 
10 69 16 
11 32 5 
9 107 75 
10 70 78 
11 33 60 
9 108 94 
10 71 89 
11 34 21 
9 109 18 
10 72 3 
11 35 56 
9 110 95 
10 73 20 
11 36 30 
10 74 98 
11 37 39 
111 9 48 
10 75 57 
11 38 13 
112 9 96 
9 113 92 
10 76 23 
11 39 70 
9 114 96 
10 77 35 
11 40 16 
9 115 97 
10 78 23 
11 41 0 
9 116 90 
10 79 78 
11 42 15 
9 117 65 
10 80 92 
11 43 20 
10 81 35 
11 44 15 
118 9 94 
9 119 94 
10 82 36 
11 45 1 
9 120 34 
10 83 62 
11 46 36 
9 121 55 
10 84 45 
11 47 27 
9 122 72 
11 48 90 
9 123 87 
10 86 36 
11 49 25 
10 87 32 
11 50 19 
12 13 43 
124 9 68 
9 125 5 
10 88 46 
11 51 95 
14 12 50 
9 126 97 
10 89 64 
11 52 57 
12 15 51 
9 127 91 
10 90 29 
11 53 51 
12 16 60 
12 17 41 
54 11 17 
91 10 94 
10 92 38 
11 55 74 
12 18 1 
10 93 78 
11 56 40 
19 12 88 
11 57 28 
12 20 97 
94 10 37 
10 95 53 
12 21 63 
58 11 77 
10 96 79 
11 59 68 
22 12 17 
12 23 70 
60 11 21 
97 10 44 
11 61 24 
24 12 35 
98 10 20 
10 99 11 
11 62 42 
12 25 64 
10 100 51 
11 63 63 
26 12 78 
10 101 80 
11 64 40 
12 27 25 
12 28 97 
65 11 81 
102 10 57 
12 29 25 
66 11 60 
103 10 96 
10 104 85 
11 67 22 
12 30 27 
11 68 93 
12 31 57 
105 10 25 
10 106 16 
11 69 50 
12 32 90 
10 107 70 
11 70 38 
12 33 13 
71 11 95 
108 10 24 
10 109 96 
11 72 21 
12 35 26 
10 110 23 
12 36 48 
73 11 95 
10 111 8 
11 74 78 
37 12 90 
10 112 96 
11 75 9 
10 113 69 
11 76 28 
12 39 35 
10 114 39 
11 77 9 
12 40 30 
10 115 54 
11 78 40 
12 41 23 
10 116 3 
11 79 90 
42 12 70 
10 117 86 
43 12 0 
80 11 47 
10 118 65 
12 44 28 
10 119 21 
11 82 55 
12 45 87 
10 120 94 
11 83 13 
12 46 20 
10 121 29 
12 47 0 
84 11 38 
10 122 37 
12 48 9 
85 11 66 
10 123 44 
10 124 15 
11 87 30 
12 50 31 
10 125 32 
12 51 80 
13 14 91 
88 11 65 
10 126 84 
12 52 58 
15 13 31 
89 11 98 
12 53 4 
13 16 48 
90 11 60 
127 10 15 
11 91 47 
13 17 31 
54 12 34 
11 92 68 
12 55 17 
18 13 35 
11 93 43 
12 56 98 
13 19 50 
11 94 23 
12 57 69 
20 13 6 
12 58 26 
13 21 64 
95 11 80 
12 59 28 
13 22 62 
96 11 44 
11 97 42 
12 60 61 
23 13 22 
11 98 18 
12 61 60 
11 99 19 
12 62 24 
13 25 75 
11 100 55 
13 26 36 
63 12 81 
11 101 50 
13 27 17 
64 12 39 
11 102 65 
12 65 5 
13 28 1 
11 103 5 
13 29 17 
11 104 36 
12 67 85 
13 30 12 
11 105 33 
12 68 6 
13 31 52 
11 106 3 
12 69 50 
13 32 19 
11 107 38 
12 70 74 
13 33 74 
11 108 33 
12 71 57 
13 34 5 
11 109 42 
13 35 10 
72 12 71 
12 73 91 
13 36 36 
110 11 15 
11 111 97 
12 74 68 
37 13 61 
11 112 71 
12 75 44 
13 38 28 
11 113 76 
12 76 8 
39 13 22 
11 114 62 
12 77 7 
13 40 42 
11 115 17 
12 78 8 
13 41 31 
11 116 28 
12 79 88 
13 42 21 
11 117 83 
43 13 60 
80 12 58 
11 118 2 
12 81 58 
13 44 11 
11 119 82 
12 82 89 
13 45 8 
11 120 62 
12 83 26 
13 46 48 
11 121 22 
12 84 86 
13 47 88 
11 122 32 
48 13 16 
85 12 75 
12 86 81 
13 49 21 
123 11 86 
11 124 68 
12 87 45 
13 50 83 
11 125 78 
12 88 93 
13 51 59 
11 126 18 
12 89 88 
13 52 53 
14 15 94 
11 127 77 
12 90 92 
14 16 66 
53 13 38 
12 91 52 
17 14 78 
54 13 18 
12 92 38 
13 55 33 
14 18 42 
12 93 17 
13 56 97 
19 14 44 
12 94 64 
13 57 7 
14 20 57 
13 58 26 
21 14 12 
95 12 8 
13 59 44 
14 22 76 
96 12 71 
12 97 32 
13 60 69 
23 14 52 
12 98 11 
13 61 71 
14 24 54 
13 62 26 
14 25 7 
99 12 0 
12 100 39 
13 63 80 
14 26 9 
12 101 80 
13 64 63 
27 14 13 
12 102 80 
13 65 18 
28 14 74 
12 103 45 
14 29 53 
66 13 74 
12 104 79 
13 67 1 
14 30 62 
12 105 69 
13 68 6 
14 31 75 
12 106 38 
32 14 37 
69 13 9 
12 107 70 
13 70 42 
14 33 10 
34 14 21 
71 13 73 
12 109 89 
13 72 67 
35 14 11 
12 110 92 
36 14 70 
73 13 39 
12 111 31 
13 74 38 
37 14 7 
12 112 29 
38 14 61 
75 13 63 
12 113 13 
13 76 55 
14 39 32 
12 114 31 
14 40 45 
12 115 43 
13 78 85 
14 41 20 
12 116 17 
13 79 88 
14 42 79 
12 117 86 
13 80 85 
14 43 70 
12 118 13 
13 81 0 
14 44 39 
12 119 66 
13 82 30 
14 45 97 
13 83 64 
14 46 20 
120 12 49 
12 121 49 
14 47 58 
84 13 47 
12 122 26 
13 85 64 
14 48 76 
12 123 60 
13 86 67 
49 14 7 
12 124 0 
13 87 80 
50 14 18 
12 125 40 
13 88 46 
14 51 18 
12 126 0 
13 89 12 
12 127 60 
13 90 22 
14 53 58 
15 16 97 
13 91 65 
14 54 6 
15 17 67 
13 92 67 
14 55 24 
13 93 72 
15 19 13 
15 20 53 
57 14 27 
94 13 0 
14 58 69 
15 21 77 
95 13 24 
13 96 34 
14 59 21 
15 22 90 
15 23 21 
60 14 91 
97 13 18 
13 98 0 
14 61 66 
24 15 43 
13 99 68 
15 25 60 
62 14 99 
13 100 25 
14 63 64 
15 26 70 
15 27 64 
64 14 97 
101 13 7 
13 102 66 
14 65 45 
15 28 32 
13 103 21 
14 66 33 
15 29 31 
13 104 78 
14 67 34 
30 15 29 
13 105 37 
14 68 76 
15 31 78 
13 106 41 
14 69 6 
15 32 50 
13 107 94 
14 70 52 
15 33 34 
13 108 32 
14 71 94 
15 34 79 
13 109 74 
14 72 67 
35 15 96 
13 110 79 
14 73 38 
15 36 12 
13 111 79 
15 37 99 
13 112 11 
14 75 92 
15 38 13 
13 113 53 
14 76 49 
15 39 27 
13 114 86 
14 77 39 
40 15 27 
14 78 30 
15 41 37 
115 13 42 
13 116 24 
14 79 24 
15 42 25 
13 117 98 
14 80 77 
43 15 34 
13 118 60 
14 81 10 
15 44 43 
13 119 6 
14 82 81 
15 45 74 
13 120 18 
14 83 91 
15 46 34 
13 121 46 
14 84 89 
15 47 88 
13 122 68 
14 85 10 
15 48 28 
13 123 78 
14 86 15 
15 49 37 
13 124 33 
15 50 57 
87 14 25 
13 125 87 
14 88 92 
15 51 62 
13 126 87 
14 89 19 
15 52 11 
13 127 2 
14 90 94 
15 53 80 
14 91 44 
15 54 17 
16 17 92 
14 92 22 
15 55 98 
18 16 92 
15 56 96 
16 19 40 
93 14 68 
14 94 27 
16 20 1 
57 15 37 
15 58 49 
16 21 65 
95 14 15 
14 96 78 
15 59 64 
16 22 64 
14 97 1 
15 60 48 
16 23 76 
14 98 17 
15 61 4 
24 16 44 
15 62 33 
16 25 9 
99 14 58 
14 100 32 
15 63 14 
16 26 81 
15 64 62 
16 27 57 
15 65 20 
16 28 48 
102 14 71 
14 103 27 
15 66 7 
16 29 1 
16 30 44 
67 15 81 
104 14 26 
15 68 7 
105 14 14 
14 106 83 
15 69 10 
16 32 69 
14 107 60 
15 70 41 
16 33 92 
15 71 79 
16 34 55 
108 14 56 
14 109 37 
15 72 13 
16 35 48 
16 36 17 
73 15 29 
110 14 9 
15 74 8 
16 37 98 
111 14 96 
14 112 61 
15 75 95 
16 38 98 
14 113 31 
15 76 29 
39 16 69 
15 77 23 
16 40 83 
114 14 30 
15 78 23 
16 41 81 
115 14 12 
14 116 15 
16 42 42 
79 15 92 
15 80 43 
16 43 67 
117 14 35 
14 118 48 
15 81 26 
16 44 79 
14 119 82 
16 45 63 
82 15 74 
14 120 12 
15 83 46 
16 46 44 
14 121 90 
15 84 5 
16 47 14 
15 85 13 
16 48 55 
122 14 26 
14 123 89 
49 16 51 
15 87 10 
50 16 45 
124 14 20 
14 125 2 
16 51 51 
14 126 33 
15 89 35 
16 52 42 
15 90 64 
16 53 8 
127 14 66 
15 91 71 
16 54 98 
15 92 6 
55 16 44 
15 93 47 
17 19 18 
56 16 66 
15 94 81 
16 57 68 
17 20 43 
15 95 73 
16 58 67 
17 21 0 
15 96 25 
16 59 29 
22 17 24 
16 60 48 
17 23 31 
97 15 94 
17 24 49 
61 16 85 
15 99 86 
25 17 61 
62 16 18 
16 63 80 
17 26 54 
15 101 69 
16 64 61 
17 27 46 
15 102 84 
16 65 97 
17 28 72 
15 103 7 
66 16 29 
15 104 1 
16 67 68 
30 17 33 
16 68 8 
31 17 95 
105 15 51 
15 106 65 
16 69 85 
17 32 34 
15 107 67 
16 70 84 
17 33 83 
15 108 82 
16 71 39 
17 34 55 
15 109 83 
16 72 78 
35 17 68 
15 110 30 
16 73 91 
17 36 16 
16 74 1 
17 37 24 
111 15 36 
15 112 60 
16 75 91 
38 17 92 
15 113 4 
16 76 96 
17 39 33 
15 114 92 
17 40 18 
77 16 89 
15 115 37 
16 78 22 
17 41 87 
17 42 90 
79 16 3 
116 15 60 
15 117 47 
16 80 4 
17 43 31 
17 44 32 
81 16 26 
118 15 96 
17 45 29 
82 16 96 
119 15 30 
15 120 32 
16 83 89 
17 46 56 
15 121 10 
16 84 20 
47 17 91 
16 85 41 
17 48 75 
122 15 86 
15 123 13 
16 86 80 
17 49 73 
15 124 22 
16 87 62 
17 50 77 
15 125 58 
16 88 21 
17 51 10 
15 126 3 
16 89 24 
17 52 58 
15 127 72 
16 90 46 
17 53 98 
16 91 21 
54 17 57 
16 92 5 
17 55 8 
16 93 92 
17 56 13 
16 94 40 
17 57 29 
20 18 47 
17 58 8 
18 21 54 
95 16 76 
16 96 5 
17 59 84 
18 22 53 
18 23 8 
60 17 15 
97 16 34 
16 98 20 
18 24 42 
61 17 91 
16 99 45 
17 62 2 
18 25 33 
17 63 0 
18 26 3 
100 16 2 
16 101 23 
18 27 13 
64 17 24 
16 102 50 
17 65 3 
28 18 77 
16 103 68 
17 66 95 
18 29 69 
16 104 44 
17 67 57 
18 30 86 
16 105 22 
17 68 68 
31 18 47 
17 69 41 
32 18 55 
106 16 80 
16 107 39 
18 33 58 
70 17 45 
16 108 97 
17 71 70 
18 34 24 
16 109 67 
18 35 58 
72 17 97 
16 110 32 
17 73 86 
18 36 75 
16 111 44 
17 74 68 
18 37 13 
16 112 76 
17 75 56 
18 38 16 
17 76 43 
18 39 63 
16 114 62 
18 40 92 
77 17 38 
16 115 62 
17 78 92 
18 41 36 
16 116 2 
18 42 79 
79 17 22 
16 117 1 
17 80 64 
18 43 42 
16 118 78 
17 81 37 
18 44 99 
16 119 63 
17 82 96 
18 45 38 
16 120 16 
17 83 49 
18 46 85 
16 121 94 
17 84 24 
18 47 72 
16 122 60 
17 85 9 
18 48 23 
16 123 42 
17 86 79 
18 49 20 
16 124 94 
17 87 25 
18 50 53 
17 88 98 
18 51 31 
125 16 44 
16 126 58 
17 89 49 
18 52 22 
16 127 44 
17 90 59 
18 53 58 
17 91 3 
18 54 70 
17 92 50 
18 55 49 
18 56 67 
93 17 71 
17 94 10 
18 57 93 
19 20 22 
17 95 79 
18 58 77 
19 21 43 
17 96 51 
22 19 57 
17 97 30 
18 60 0 
17 98 73 
18 61 45 
24 19 22 
17 99 17 
18 62 77 
19 25 14 
17 100 91 
18 63 11 
19 26 15 
17 101 82 
18 64 42 
19 27 0 
17 102 99 
19 28 48 
65 18 23 
18 66 0 
19 29 32 
18 67 31 
19 30 94 
104 17 17 
17 105 74 
18 68 13 
19 31 42 
17 106 27 
18 69 32 
19 32 3 
17 107 54 
18 70 10 
19 33 55 
18 71 7 
19 34 14 
108 17 37 
17 109 17 
19 35 48 
72 18 40 
17 110 47 
18 73 27 
36 19 31 
17 111 79 
18 74 5 
19 37 98 
17 112 65 
18 75 44 
19 38 94 
17 113 82 
18 76 28 
19 39 64 
17 114 47 
18 77 44 
19 40 27 
17 115 8 
18 78 14 
19 41 22 
17 116 52 
18 79 70 
42 19 70 
17 117 88 
18 80 67 
19 43 46 
17 118 45 
18 81 67 
44 19 46 
17 119 98 
18 82 42 
19 45 92 
17 120 23 
18 83 9 
19 46 11 
17 121 85 
18 84 87 
19 47 9 
17 122 48 
18 85 49 
19 48 1 
18 86 86 
19 49 28 
123 17 93 
17 124 78 
18 87 77 
19 50 52 
17 125 76 
18 88 5 
19 51 5 
17 126 60 
18 89 38 
19 52 18 
17 127 58 
53 19 23 
90 18 0 
18 91 10 
19 54 18 
19 55 50 
18 93 27 
19 56 0 
18 94 96 
19 57 49 
18 95 44 
19 58 44 
21 20 68 
20 22 86 
59 19 11 
18 97 93 
19 60 88 
20 23 99 
18 98 76 
19 61 72 
20 24 95 
18 99 26 
20 25 60 
18 100 18 
19 63 1 
26 20 54 
19 64 88 
27 20 59 
101 18 77 
19 65 96 
20 28 55 
102 18 60 
19 66 91 
20 29 15 
18 104 87 
19 67 24 
20 30 67 
20 31 15 
68 19 23 
105 18 39 
18 106 48 
19 69 63 
20 32 51 
18 107 29 
19 70 80 
33 20 91 
20 34 4 
108 18 18 
18 109 24 
20 35 98 
18 110 15 
19 73 95 
20 36 5 
19 74 57 
20 37 20 
111 18 69 
38 20 54 
112 18 57 
19 76 69 
20 39 5 
113 18 68 
18 114 56 
19 77 76 
20 40 21 
18 115 11 
19 78 34 
20 41 24 
18 116 23 
19 79 35 
20 42 65 
80 19 31 
18 118 58 
19 81 1 
20 44 42 
18 119 70 
19 82 63 
45 20 4 
18 120 6 
19 83 25 
20 46 1 
18 121 64 
19 84 47 
20 47 5 
18 122 81 
19 85 68 
20 48 89 
18 123 2 
20 49 17 
86 19 16 
19 87 39 
20 50 38 
18 125 82 
19 88 80 
20 51 13 
18 126 47 
19 89 76 
20 52 95 
18 127 81 
20 53 76 
90 19 7 
19 91 25 
20 54 23 
19 92 87 
20 55 82 
19 93 31 
20 56 93 
20 57 35 
94 19 19 
58 20 99 
95 19 17 
19 96 62 
20 59 75 
21 22 57 
20 60 32 
21 23 4 
97 19 76 
19 98 3 
20 61 20 
21 24 42 
19 99 93 
20 62 76 
21 25 76 
19 100 29 
20 63 71 
21 26 66 
19 101 69 
20 64 54 
27 21 46 
20 65 1 
21 28 83 
102 19 33 
20 66 2 
29 21 88 
103 19 13 
20 67 65 
21 30 14 
104 19 76 
19 105 40 
21 31 34 
68 20 97 
21 32 88 
69 20 68 
106 19 23 
19 107 66 
20 70 51 
21 33 15 
19 108 6 
20 71 17 
21 34 59 
20 72 1 
21 35 37 
109 19 89 
19 110 43 
20 73 42 
21 36 42 
19 111 36 
20 74 13 
21 37 3 
19 112 13 
20 75 62 
20 76 31 
21 39 11 
113 19 23 
19 114 8 
20 77 79 
21 40 11 
19 115 86 
20 78 73 
21 41 11 
19 116 99 
20 79 73 
21 42 26 
19 117 51 
20 80 47 
43 21 42 
19 118 59 
20 81 39 
21 44 59 
19 119 60 
20 82 84 
21 45 94 
19 120 35 
20 83 67 
21 46 28 
19 121 50 
21 47 41 
84 20 26 
19 122 3 
48 21 34 
85 20 57 
19 123 45 
20 86 17 
21 49 39 
19 124 92 
20 87 42 
20 88 12 
51 21 98 
125 19 84 
20 89 28 
21 52 6 
126 19 89 
19 127 23 
20 90 93 
21 53 15 
20 91 82 
21 54 2 
20 92 73 
21 55 57 
56 21 91 
93 20 59 
21 57 45 
94 20 35 
21 58 66 
95 20 17 
20 96 22 
21 59 79 
20 97 24 
21 60 82 
22 23 52 
21 61 12 
22 24 37 
20 99 79 
21 62 44 
22 25 77 
20 100 41 
21 63 52 
22 26 16 
20 101 47 
21 64 25 
22 27 40 
20 102 39 
21 65 86 
28 22 39 
20 103 22 
21 66 9 
22 29 7 
20 104 23 
21 67 4 
30 22 45 
20 105 98 
21 68 6 
22 31 33 
20 106 35 
21 69 65 
22 32 76 
20 107 66 
21 70 92 
22 33 69 
20 108 16 
21 71 89 
22 34 32 
20 109 8 
22 35 83 
72 21 93 
20 110 46 
21 73 60 
22 36 54 
20 111 25 
37 22 34 
74 21 59 
20 112 30 
21 75 91 
20 113 71 
21 76 99 
22 39 15 
20 114 2 
21 77 18 
22 40 44 
20 115 51 
21 78 95 
22 41 28 
21 79 7 
116 20 15 
20 117 14 
43 22 12 
80 21 88 
20 118 24 
22 44 83 
81 21 11 
20 119 15 
21 82 51 
22 45 66 
21 83 18 
46 22 22 
120 20 55 
20 121 84 
21 84 26 
22 47 47 
20 122 65 
21 85 79 
22 48 94 
20 123 90 
22 49 60 
86 21 56 
20 124 86 
21 87 91 
22 50 17 
21 88 21 
22 51 58 
125 20 64 
21 89 67 
22 52 79 
20 127 90 
21 90 56 
22 53 46 
21 91 14 
22 54 51 
21 92 83 
22 55 61 
21 93 50 
22 56 36 
21 94 29 
22 57 1 
21 95 86 
22 58 13 
21 96 74 
59 22 91 
21 97 52 
22 60 4 
21 98 70 
22 61 21 
23 24 72 
21 99 7 
22 62 24 
23 25 10 
23 26 28 
63 22 11 
100 21 7 
21 101 24 
22 64 32 
23 27 47 
21 102 8 
22 65 83 
21 103 98 
23 29 63 
66 22 95 
21 104 0 
22 67 44 
23 30 53 
21 105 8 
22 68 10 
23 31 57 
22 69 29 
23 32 49 
106 21 61 
21 107 18 
23 33 71 
70 22 13 
23 34 90 
71 22 75 
108 21 81 
21 109 69 
22 72 83 
23 35 33 
21 110 43 
22 73 63 
23 36 93 
21 111 92 
22 74 48 
23 37 17 
22 75 96 
23 38 26 
21 113 48 
22 76 41 
23 39 38 
21 114 22 
22 77 75 
23 40 32 
21 115 41 
22 78 34 
41 23 9 
22 79 58 
42 23 14 
116 21 47 
21 117 22 
22 80 19 
23 43 2 
21 118 58 
23 44 87 
81 22 18 
21 119 42 
22 82 21 
23 45 53 
46 23 58 
83 22 32 
120 21 97 
22 84 49 
23 47 50 
121 21 50 
22 85 28 
23 48 85 
122 21 56 
21 123 63 
49 23 87 
21 124 13 
22 87 34 
23 50 97 
22 88 86 
23 51 79 
125 21 2 
21 126 17 
22 89 52 
23 52 75 
22 90 29 
23 53 26 
127 21 81 
22 91 16 
23 54 83 
55 23 80 
23 56 21 
22 94 45 
23 57 16 
22 95 18 
23 58 41 
22 96 7 
23 59 45 
22 97 75 
23 60 71 
22 98 39 
23 61 62 
22 99 72 
23 62 0 
24 25 75 
22 100 82 
23 63 39 
24 26 96 
22 101 90 
27 24 9 
64 23 84 
22 102 2 
23 65 52 
24 28 34 
22 103 79 
24 29 79 
66 23 12 
22 104 27 
23 67 85 
24 30 30 
22 105 51 
24 31 77 
68 23 59 
22 106 26 
23 69 68 
32 24 36 
22 107 53 
24 33 30 
23 71 13 
34 24 43 
108 22 40 
22 109 14 
23 72 24 
24 35 79 
23 73 89 
24 36 91 
110 22 21 
23 74 85 
24 37 69 
111 22 90 
22 112 25 
23 75 5 
24 38 88 
22 113 50 
39 24 54 
76 23 20 
22 114 38 
23 77 36 
24 40 54 
22 115 12 
41 24 49 
78 23 54 
22 116 73 
23 79 55 
24 42 14 
22 117 12 
24 43 90 
80 23 56 
22 118 32 
23 81 10 
24 44 90 
22 119 46 
23 82 32 
45 24 19 
22 120 48 
23 83 82 
46 24 86 
22 121 31 
24 47 2 
84 23 97 
22 122 27 
23 85 57 
24 48 59 
22 123 67 
23 86 90 
24 49 54 
22 124 53 
23 87 55 
24 50 77 
22 125 48 
23 88 84 
51 24 61 
23 89 62 
24 52 27 
22 127 73 
23 90 61 
24 53 60 
23 91 16 
24 54 16 
23 92 32 
24 55 73 
24 56 91 
93 23 63 
23 94 9 
24 57 5 
23 95 68 
24 58 36 
24 59 53 
96 23 24 
24 60 71 
97 23 51 
23 98 20 
61 24 95 
23 99 21 
24 62 64 
23 100 11 
25 26 22 
63 24 51 
24 64 27 
25 27 29 
101 23 39 
23 102 8 
24 65 92 
25 28 57 
23 103 1 
24 66 83 
25 30 65 
67 24 27 
104 23 3 
24 68 59 
25 31 67 
25 32 4 
69 24 94 
106 23 63 
23 107 76 
24 70 38 
33 25 18 
25 34 23 
71 24 71 
108 23 87 
23 109 61 
24 72 29 
25 35 3 
24 73 98 
25 36 52 
110 23 94 
23 111 37 
24 74 81 
25 37 98 
23 112 20 
24 75 58 
25 38 73 
23 113 55 
24 76 34 
25 39 69 
23 114 75 
24 77 83 
25 40 77 
23 115 28 
24 78 14 
25 41 27 
23 116 99 
24 79 68 
25 42 90 
23 117 40 
24 80 0 
25 43 59 
23 118 1 
24 81 37 
44 25 71 
23 119 2 
24 82 62 
25 45 90 
23 120 2 
24 83 7 
46 25 52 
23 121 35 
24 84 43 
25 47 23 
23 122 14 
24 85 55 
25 48 63 
23 123 41 
24 86 46 
25 49 83 
23 124 34 
24 87 7 
25 50 74 
23 125 80 
24 88 84 
25 51 60 
23 126 17 
24 89 95 
25 52 56 
23 127 16 
25 53 52 
90 24 71 
25 54 28 
91 24 33 
24 92 41 
55 25 91 
25 56 8 
24 94 58 
25 57 1 
25 58 81 
95 24 98 
24 96 82 
25 59 43 
24 97 75 
60 25 53 
24 98 5 
25 61 15 
24 99 91 
25 62 15 
25 63 75 
100 24 72 
25 64 14 
26 27 42 
101 24 80 
24 102 16 
26 28 61 
65 25 3 
24 103 46 
25 66 72 
26 29 56 
24 104 17 
25 67 43 
26 30 24 
25 68 33 
26 31 99 
105 24 54 
24 106 97 
25 69 76 
24 107 47 
25 70 81 
24 108 15 
25 71 17 
26 34 99 
24 109 28 
26 35 0 
26 36 52 
110 24 96 
24 111 89 
26 37 37 
74 25 60 
24 112 25 
25 75 15 
38 26 61 
24 113 66 
25 76 14 
26 39 27 
24 114 40 
26 40 38 
77 25 76 
24 115 53 
25 78 14 
26 41 89 
24 116 66 
25 79 16 
26 42 23 
24 117 25 
26 43 44 
80 25 28 
24 118 96 
26 44 20 
81 25 40 
25 82 15 
26 45 67 
24 120 80 
25 83 54 
26 46 43 
25 84 83 
47 26 34 
121 24 40 
24 122 97 
25 85 72 
26 48 74 
86 25 4 
123 24 36 
24 124 79 
25 87 72 
26 50 45 
25 88 65 
26 51 3 
24 126 60 
26 52 37 
24 127 74 
25 90 58 
26 53 86 
25 91 28 
26 54 64 
25 92 54 
26 55 31 
25 93 6 
26 56 74 
25 94 51 
26 57 65 
25 95 79 
58 26 95 
25 96 27 
26 59 86 
25 97 35 
26 60 95 
25 98 44 
26 61 76 
25 99 70 
25 100 30 
63 26 59 
25 101 13 
26 64 85 
25 102 47 
26 65 4 
27 28 57 
27 29 8 
66 26 53 
103 25 18 
25 104 32 
26 67 24 
27 30 85 
27 31 49 
68 26 59 
105 25 53 
25 106 80 
26 69 5 
27 32 9 
25 107 34 
26 70 28 
27 33 32 
25 108 19 
27 34 20 
71 26 30 
25 109 63 
26 72 3 
27 35 90 
25 110 20 
26 73 57 
27 36 15 
25 111 1 
26 74 48 
27 37 7 
25 112 57 
26 75 50 
27 38 30 
25 113 52 
26 76 7 
27 39 1 
25 114 21 
26 77 94 
27 40 65 
25 115 77 
26 78 87 
27 41 27 
25 116 84 
26 79 50 
42 27 4 
25 117 56 
26 80 10 
27 43 52 
27 44 33 
25 119 83 
26 82 21 
27 45 97 
25 120 8 
26 83 48 
27 46 12 
25 121 74 
26 84 75 
27 47 47 
25 122 9 
27 48 8 
85 26 3 
26 86 69 
27 49 69 
123 25 67 
25 124 50 
26 87 19 
50 27 87 
25 125 89 
26 88 14 
27 51 57 
25 126 44 
26 89 98 
52 27 84 
26 90 26 
27 53 47 
127 25 76 
26 91 12 
27 54 41 
26 92 40 
27 55 12 
26 93 39 
56 27 10 
26 94 73 
27 57 52 
26 95 43 
27 58 79 
26 96 33 
27 59 87 
27 60 92 
97 26 1 
26 98 88 
27 61 78 
26 99 63 
27 62 88 
26 100 29 
27 63 16 
26 101 19 
27 64 49 
26 102 59 
27 65 77 
26 103 43 
27 66 39 
28 29 40 
26 104 14 
27 67 42 
28 30 15 
26 105 74 
27 68 0 
31 28 47 
26 106 76 
27 69 11 
28 32 26 
26 107 56 
28 33 98 
70 27 37 
27 71 23 
28 34 91 
26 109 50 
27 72 45 
35 28 91 
26 110 77 
27 73 33 
36 28 73 
26 111 28 
27 74 80 
28 37 46 
26 112 10 
27 75 51 
28 38 83 
26 113 40 
27 76 69 
28 39 91 
26 114 62 
27 77 18 
28 40 28 
26 115 24 
27 78 25 
41 28 12 
26 116 89 
27 79 60 
26 117 32 
27 80 59 
28 43 3 
26 118 90 
27 81 68 
44 28 18 
26 119 99 
27 82 10 
28 45 26 
26 120 53 
27 83 66 
28 46 26 
27 84 32 
28 47 89 
121 26 9 
26 122 20 
28 48 53 
27 86 18 
28 49 70 
123 26 96 
26 124 82 
27 87 38 
26 125 8 
51 28 47 
88 27 98 
26 126 31 
27 89 83 
28 52 68 
26 127 45 
27 90 40 
53 28 19 
27 91 68 
28 54 10 
27 92 21 
55 28 52 
27 93 89 
28 57 62 
27 95 64 
28 58 77 
27 96 83 
28 59 94 
27 97 26 
28 60 15 
27 98 59 
61 28 70 
28 62 34 
99 27 15 
28 63 52 
100 27 29 
27 101 40 
64 28 55 
27 102 52 
28 65 99 
27 103 36 
28 66 85 
27 104 7 
28 67 14 
30 29 32 
28 68 70 
31 29 95 
105 27 42 
27 106 24 
28 69 8 
29 32 24 
28 70 85 
29 33 50 
107 27 14 
27 108 31 
28 71 63 
29 34 60 
27 109 52 
28 72 71 
27 110 31 
28 73 82 
27 111 6 
28 74 41 
29 37 39 
27 112 19 
28 75 10 
29 38 45 
29 39 96 
113 27 82 
27 114 80 
29 40 60 
77 28 87 
27 115 4 
28 78 82 
29 41 92 
28 79 49 
29 42 41 
116 27 33 
29 43 13 
80 28 14 
117 27 0 
27 118 79 
28 81 48 
44 29 15 
28 82 53 
29 45 33 
119 27 89 
27 120 33 
28 83 59 
29 46 73 
28 84 65 
29 47 37 
121 27 13 
28 85 73 
122 27 52 
27 123 54 
28 86 36 
29 49 64 
28 87 67 
29 50 96 
124 27 28 
27 125 52 
28 88 33 
51 29 38 
28 89 90 
29 52 14 
126 27 40 
28 90 93 
29 53 0 
127 27 53 
29 54 40 
28 92 55 
29 55 73 
28 93 50 
29 56 10 
28 94 45 
29 57 4 
28 95 0 
29 58 78 
28 96 58 
29 59 29 
28 97 89 
29 60 47 
29 61 91 
98 28 63 
28 99 73 
62 29 64 
28 100 51 
28 101 93 
29 64 44 
28 102 32 
29 65 56 
28 103 75 
28 104 74 
29 67 72 
28 105 49 
29 68 35 
30 31 53 
29 69 62 
30 32 4 
29 70 76 
30 33 27 
29 71 65 
30 34 27 
28 109 86 
29 72 39 
30 35 58 
29 73 21 
30 36 2 
110 28 79 
28 111 28 
29 74 21 
30 37 66 
28 112 80 
29 75 31 
30 38 16 
28 113 15 
29 76 39 
30 39 36 
28 114 9 
29 77 74 
30 40 53 
28 115 67 
29 78 91 
30 41 59 
28 116 54 
29 79 22 
28 117 79 
29 80 59 
30 43 91 
28 118 37 
29 81 9 
30 44 33 
29 82 72 
30 45 63 
119 28 78 
28 120 6 
30 46 73 
83 29 89 
28 121 4 
47 30 11 
84 29 5 
28 122 62 
30 48 28 
28 123 32 
29 86 71 
30 49 6 
28 124 96 
29 87 52 
50 30 86 
28 125 44 
29 88 61 
30 51 23 
28 126 25 
29 89 60 
30 52 93 
28 127 21 
29 90 87 
30 53 21 
29 91 70 
30 54 56 
29 92 43 
30 55 65 
30 56 15 
93 29 10 
29 94 48 
30 57 64 
30 58 0 
95 29 17 
29 96 97 
30 59 85 
29 97 89 
30 60 44 
30 61 79 
98 29 34 
29 99 67 
30 62 61 
29 100 52 
30 63 49 
101 29 36 
65 30 93 
102 29 44 
29 103 7 
30 66 88 
29 104 6 
30 67 75 
29 105 35 
30 68 38 
29 106 7 
30 69 8 
31 32 50 
29 107 62 
30 70 47 
33 31 23 
29 108 71 
30 71 19 
31 34 78 
29 109 87 
30 72 78 
31 35 76 
29 110 19 
30 73 67 
31 36 60 
29 111 10 
30 74 62 
31 37 99 
29 112 50 
31 38 44 
75 30 88 
29 113 94 
30 76 95 
31 39 64 
29 114 35 
30 77 68 
40 31 36 
29 115 4 
31 41 54 
78 30 98 
29 116 53 
30 79 93 
31 42 2 
29 117 8 
30 80 82 
31 43 33 
30 81 15 
31 44 42 
29 119 65 
30 82 74 
31 45 70 
29 120 18 
30 83 93 
31 46 83 
29 121 76 
30 84 71 
31 47 70 
30 85 8 
48 31 7 
29 123 29 
30 86 25 
31 49 68 
29 124 18 
30 87 99 
31 50 67 
51 31 37 
88 30 21 
125 29 92 
29 126 16 
30 89 62 
31 52 65 
30 90 13 
31 53 64 
127 29 80 
31 54 57 
91 30 23 
30 92 92 
55 31 16 
30 93 89 
31 56 38 
30 94 9 
31 57 88 
30 95 19 
31 58 7 
31 59 76 
96 30 99 
30 97 54 
60 31 74 
30 98 12 
31 61 66 
30 99 98 
31 62 68 
30 100 14 
31 63 11 
30 101 28 
31 64 79 
30 102 83 
31 65 65 
31 66 41 
67 31 9 
31 68 90 
30 106 12 
69 31 21 
30 107 95 
31 70 55 
32 33 99 
30 108 59 
31 71 15 
32 34 35 
31 72 11 
32 35 84 
109 30 77 
30 110 82 
31 73 26 
32 36 31 
30 111 28 
31 74 93 
32 37 26 
30 112 69 
31 75 74 
32 38 64 
30 113 81 
31 76 49 
39 32 53 
30 114 35 
31 77 21 
32 40 75 
30 115 55 
31 78 35 
32 41 22 
30 116 73 
42 32 72 
79 31 22 
30 117 5 
32 43 31 
80 31 77 
30 118 89 
32 44 38 
81 31 75 
30 119 82 
31 82 76 
32 45 70 
30 120 76 
31 83 46 
32 46 65 
31 84 26 
32 47 21 
121 30 17 
30 122 91 
31 85 9 
32 48 26 
30 123 57 
31 86 69 
32 49 39 
30 124 25 
32 50 63 
87 31 46 
31 88 38 
32 51 96 
125 30 97 
30 126 45 
31 89 93 
32 52 79 
31 90 76 
32 53 45 
31 91 95 
32 54 70 
31 92 42 
32 55 5 
32 56 48 
31 94 87 
32 57 30 
31 95 32 
32 58 55 
31 96 6 
32 59 7 
31 97 51 
60 32 48 
31 98 9 
32 61 20 
31 99 15 
32 62 39 
31 100 86 
63 32 24 
31 101 11 
64 32 29 
31 102 32 
32 65 44 
31 103 61 
104 31 54 
31 105 69 
68 32 96 
31 106 0 
32 69 53 
32 70 86 
32 71 26 
33 34 95 
108 31 96 
33 35 64 
109 31 79 
32 73 21 
33 36 7 
31 111 92 
32 74 66 
33 37 50 
31 112 68 
32 75 85 
38 33 9 
32 76 45 
39 33 9 
113 31 44 
31 114 16 
40 33 47 
77 32 88 
31 115 45 
32 78 41 
41 33 26 
31 116 90 
32 79 38 
42 33 45 
31 117 21 
32 80 75 
31 118 62 
33 44 80 
81 32 57 
31 119 1 
32 82 6 
33 45 59 
31 120 8 
32 83 76 
46 33 43 
32 84 87 
47 33 5 
31 122 17 
32 85 14 
33 48 40 
32 86 12 
123 31 14 
31 124 39 
32 87 71 
33 50 56 
31 125 52 
32 88 42 
33 51 6 
32 89 66 
33 52 52 
126 31 55 
33 53 3 
90 32 29 
127 31 99 
32 91 97 
33 54 6 
32 92 6 
33 55 23 
32 93 84 
33 56 4 
32 94 45 
33 57 31 
32 95 8 
58 33 18 
32 96 7 
33 59 53 
32 97 44 
33 60 44 
33 61 76 
98 32 30 
32 99 19 
33 62 3 
33 63 79 
32 101 90 
33 64 5 
32 102 12 
33 65 9 
33 66 18 
103 32 41 
32 104 52 
33 67 36 
33 68 1 
105 32 7 
32 106 92 
33 69 13 
33 70 76 
107 32 48 
32 108 83 
32 109 7 
33 72 17 
32 110 39 
33 73 20 
34 36 22 
32 111 85 
34 37 42 
74 33 86 
32 112 69 
38 34 68 
75 33 54 
32 113 73 
33 76 65 
39 34 26 
32 114 34 
33 77 59 
34 40 93 
33 78 83 
34 41 3 
115 32 85 
32 116 93 
33 79 35 
42 34 48 
32 117 10 
33 80 51 
34 43 96 
34 44 67 
81 33 64 
118 32 0 
32 119 90 
34 45 69 
82 33 64 
32 120 41 
34 46 29 
83 33 59 
32 121 53 
33 84 36 
34 47 70 
32 122 53 
33 85 36 
34 48 19 
32 123 19 
33 86 81 
34 49 52 
32 124 21 
33 87 70 
34 50 91 
32 125 94 
33 88 42 
34 51 29 
32 126 88 
33 89 25 
34 52 19 
32 127 54 
33 90 73 
34 53 95 
33 91 15 
34 54 69 
33 92 99 
34 55 28 
34 56 60 
93 33 35 
33 94 35 
34 57 30 
33 95 0 
34 58 5 
33 96 50 
34 59 75 
33 97 78 
60 34 76 
34 61 22 
98 33 24 
33 99 36 
34 62 16 
33 100 28 
34 63 61 
33 101 69 
34 64 90 
33 102 98 
34 65 90 
34 66 85 
33 104 36 
34 67 16 
33 105 99 
34 68 60 
34 69 94 
33 107 31 
34 70 65 
71 34 50 
108 33 22 
33 109 77 
34 72 31 
33 110 49 
34 73 15 
35 36 71 
33 111 74 
34 74 24 
37 35 9 
33 112 63 
35 38 99 
75 34 80 
33 113 87 
34 76 26 
35 39 1 
34 77 41 
40 35 49 
114 33 65 
33 115 71 
34 78 31 
35 41 22 
33 116 53 
34 79 16 
35 42 45 
33 117 84 
34 80 39 
43 35 58 
34 81 76 
35 44 5 
118 33 29 
33 119 89 
34 82 28 
35 45 89 
33 120 6 
34 83 40 
35 46 90 
47 35 73 
84 34 20 
121 33 6 
33 122 83 
34 85 40 
35 48 26 
34 86 96 
35 49 42 
123 33 25 
33 124 28 
34 87 48 
35 50 68 
33 125 79 
34 88 20 
35 51 20 
34 89 55 
35 52 46 
126 33 95 
33 127 31 
34 90 52 
35 53 48 
35 54 66 
91 34 15 
55 35 94 
92 34 89 
34 93 84 
34 94 60 
35 57 61 
35 58 19 
95 34 10 
34 96 90 
35 59 5 
34 97 28 
35 60 64 
34 98 31 
35 61 90 
34 99 50 
35 62 23 
34 100 11 
35 63 96 
34 101 69 
35 64 46 
34 102 1 
35 65 52 
34 103 26 
35 66 86 
34 104 91 
35 67 3 
34 105 64 
68 35 8 
34 106 49 
35 69 77 
35 70 78 
107 34 8 
34 108 95 
35 71 9 
34 109 17 
35 72 45 
34 110 38 
35 73 71 
34 111 69 
36 37 7 
74 35 86 
35 75 52 
36 38 91 
112 34 96 
34 113 7 
36 39 45 
76 35 50 
34 114 56 
35 77 74 
36 40 52 
34 115 45 
35 78 43 
36 41 11 
35 79 20 
42 36 86 
116 34 44 
34 117 92 
35 80 69 
36 43 19 
34 118 42 
35 81 75 
36 44 0 
34 119 19 
35 82 3 
36 45 94 
34 120 44 
36 46 76 
83 35 94 
34 121 15 
35 84 10 
36 47 93 
34 122 95 
35 85 22 
48 36 23 
34 123 32 
35 86 33 
36 49 18 
34 124 81 
35 87 19 
36 50 15 
34 125 20 
36 51 36 
88 35 61 
34 126 33 
35 89 22 
36 52 80 
35 90 55 
53 36 38 
127 34 36 
35 91 39 
36 54 25 
35 92 16 
55 36 53 
35 93 86 
36 56 78 
36 57 89 
35 95 13 
36 58 43 
35 96 21 
36 59 51 
35 97 7 
35 98 93 
36 61 80 
35 99 36 
36 62 67 
35 100 3 
36 63 93 
35 101 78 
36 64 15 
35 102 46 
35 103 66 
36 66 41 
35 104 14 
36 67 3 
35 105 40 
68 36 88 
35 106 0 
36 69 67 
35 107 36 
36 70 83 
35 108 22 
71 36 12 
35 109 82 
36 72 79 
35 110 76 
36 73 48 
35 111 56 
36 74 80 
35 112 95 
36 75 27 
37 38 62 
36 76 84 
37 39 78 
35 114 29 
36 77 51 
37 40 90 
36 78 10 
37 41 75 
115 35 37 
35 116 68 
36 79 99 
37 42 7 
37 43 45 
80 36 27 
117 35 85 
36 81 99 
37 44 43 
118 35 53 
35 119 0 
36 82 97 
37 45 5 
35 120 65 
37 46 71 
83 36 33 
37 47 5 
84 36 50 
121 35 90 
35 122 57 
48 37 69 
85 36 67 
35 123 62 
36 86 66 
37 49 41 
36 87 55 
37 50 74 
124 35 63 
36 88 67 
37 51 64 
125 35 17 
35 126 67 
36 89 33 
37 52 28 
35 127 39 
37 53 68 
90 36 22 
36 91 20 
37 54 19 
36 92 19 
37 55 90 
36 93 48 
37 56 37 
37 57 74 
94 36 85 
36 95 99 
37 58 93 
37 59 32 
96 36 35 
36 97 98 
37 60 99 
36 98 47 
37 61 11 
37 62 77 
37 63 60 
100 36 17 
37 64 90 
101 36 73 
36 102 14 
37 65 23 
36 103 66 
37 66 13 
36 104 55 
37 67 19 
36 105 33 
68 37 76 
36 106 6 
69 37 80 
36 107 56 
37 70 5 
36 108 93 
71 37 54 
36 109 91 
37 72 70 
36 110 81 
37 73 63 
36 111 15 
37 74 47 
36 112 67 
37 75 14 
36 113 35 
37 76 68 
38 39 83 
36 114 57 
37 77 61 
38 40 77 
36 115 56 
37 78 73 
38 41 59 
36 117 68 
37 80 89 
38 43 31 
36 118 6 
37 81 91 
38 44 68 
37 82 80 
45 38 25 
119 36 31 
36 120 19 
37 83 7 
38 46 61 
37 84 4 
38 47 24 
121 36 85 
37 85 14 
38 48 18 
122 36 0 
36 123 8 
37 86 37 
38 49 45 
36 124 44 
37 87 15 
38 50 55 
36 125 9 
88 37 83 
36 126 92 
37 89 2 
38 52 33 
36 127 71 
37 90 54 
53 38 88 
37 91 13 
38 54 21 
37 92 44 
38 55 90 
37 93 54 
38 56 29 
38 57 92 
94 37 38 
37 95 57 
38 58 79 
38 59 53 
96 37 49 
37 97 89 
38 60 25 
37 98 16 
38 61 76 
37 99 22 
38 62 14 
37 100 88 
38 63 41 
37 101 74 
38 64 96 
37 102 42 
38 65 4 
38 66 35 
103 37 90 
37 104 33 
38 67 28 
37 105 8 
38 68 68 
69 38 13 
106 37 3 
37 107 61 
70 38 25 
37 108 67 
38 71 75 
37 109 50 
38 72 42 
37 110 88 
38 73 87 
37 111 48 
38 74 58 
37 112 78 
38 75 26 
37 113 74 
38 76 8 
39 40 49 
77 38 98 
114 37 28 
37 115 46 
38 78 55 
41 39 48 
37 116 82 
38 79 19 
37 117 83 
38 80 57 
39 43 33 
37 118 49 
38 81 5 
39 44 54 
38 82 35 
39 45 65 
38 83 89 
39 46 47 
120 37 71 
37 121 79 
38 84 37 
39 47 18 
37 122 72 
38 85 47 
39 48 45 
37 123 86 
39 49 31 
86 38 80 
37 124 24 
38 87 61 
39 50 58 
37 125 22 
38 88 11 
51 39 48 
37 126 20 
38 89 57 
39 52 38 
37 127 33 
38 90 5 
39 53 98 
38 91 10 
39 54 44 
38 92 19 
55 39 76 
38 93 43 
39 56 5 
38 94 7 
39 57 92 
38 95 65 
39 58 63 
38 96 73 
59 39 90 
39 60 4 
97 38 6 
61 39 2 
98 38 42 
38 99 11 
39 62 62 
39 63 30 
38 101 62 
39 64 22 
38 102 93 
39 65 75 
39 66 95 
103 38 63 
38 104 65 
39 67 15 
39 68 56 
38 106 55 
39 69 78 
38 107 13 
38 108 24 
39 72 20 
109 38 65 
39 73 53 
110 38 92 
38 111 73 
39 74 97 
39 75 54 
112 38 74 
38 113 17 
76 39 51 
38 114 20 
77 39 83 
39 78 30 
40 41 8 
115 38 51 
42 40 65 
79 39 3 
116 38 27 
38 117 32 
39 80 9 
40 43 70 
38 118 10 
39 81 81 
40 44 20 
39 82 55 
40 45 64 
119 38 93 
39 83 55 
40 46 70 
38 121 15 
39 84 38 
40 47 7 
38 122 73 
39 85 83 
40 48 13 
38 123 20 
39 86 50 
40 49 89 
38 124 39 
39 87 43 
40 50 40 
38 125 0 
40 51 53 
88 39 70 
38 126 4 
39 89 75 
40 52 99 
40 53 54 
90 39 97 
127 38 38 
39 91 15 
40 54 59 
39 92 43 
40 55 64 
40 56 62 
93 39 85 
57 40 32 
94 39 23 
39 95 56 
40 58 23 
39 96 89 
59 40 49 
39 97 13 
60 40 71 
39 98 36 
40 61 18 
62 40 58 
99 39 14 
63 40 17 
39 101 67 
64 40 93 
39 102 4 
40 65 7 
39 103 88 
40 66 90 
39 104 37 
40 67 53 
39 105 8 
40 68 87 
39 106 29 
40 69 63 
39 107 14 
70 40 71 
40 71 42 
108 39 59 
39 109 65 
40 72 23 
39 110 79 
73 40 14 
39 111 5 
74 40 82 
40 75 41 
112 39 32 
39 113 22 
40 76 50 
40 77 77 
114 39 60 
39 115 91 
78 40 25 
39 116 72 
40 79 49 
41 42 61 
39 117 72 
40 80 86 
41 43 36 
40 81 73 
41 44 11 
118 39 58 
39 119 24 
40 82 47 
41 45 44 
39 120 99 
41 46 50 
83 40 5 
39 121 55 
40 84 54 
41 47 42 
39 122 62 
40 85 9 
41 48 13 
39 123 62 
40 86 97 
41 49 68 
40 87 93 
41 50 88 
124 39 28 
39 125 0 
40 88 24 
41 51 58 
39 126 63 
40 89 63 
41 52 68 
41 53 59 
90 40 84 
40 91 14 
41 54 6 
40 92 68 
55 41 37 
40 93 76 
41 56 7 
40 94 35 
41 57 98 
58 41 33 
40 96 40 
41 59 67 
40 97 46 
41 60 58 
40 98 4 
61 41 32 
40 99 35 
62 41 30 
41 63 87 
100 40 78 
40 101 48 
41 64 75 
40 102 17 
41 65 66 
40 103 39 
41 66 63 
41 67 46 
40 105 42 
68 41 32 
40 106 25 
41 69 61 
41 70 23 
107 40 52 
71 41 85 
108 40 9 
40 109 55 
41 72 54 
40 110 21 
41 73 49 
40 111 31 
41 74 28 
40 112 14 
41 75 33 
40 113 86 
76 41 75 
41 77 38 
114 40 8 
41 78 42 
115 40 70 
40 116 71 
41 79 61 
40 117 94 
42 43 58 
40 118 69 
41 81 98 
42 44 45 
40 119 68 
82 41 84 
41 83 59 
46 42 1 
120 40 50 
40 121 28 
41 84 41 
42 47 24 
40 122 58 
41 85 62 
42 48 29 
40 123 79 
42 49 40 
86 41 89 
41 87 91 
42 50 24 
124 40 9 
40 125 81 
41 88 44 
42 51 45 
40 126 8 
41 89 64 
42 52 81 
40 127 25 
42 53 87 
90 41 11 
41 91 29 
42 54 72 
41 92 74 
55 42 93 
41 93 81 
42 56 43 
41 94 83 
42 57 7 
41 95 76 
42 58 79 
41 96 73 
59 42 73 
41 97 31 
42 60 82 
41 98 54 
42 61 75 
41 99 56 
42 62 56 
42 63 45 
41 101 49 
42 64 2 
41 102 54 
42 65 47 
41 103 80 
66 42 7 
41 104 93 
42 67 52 
41 105 38 
42 68 43 
42 69 78 
106 41 64 
41 107 15 
41 108 6 
42 71 42 
41 109 63 
42 72 94 
41 110 36 
42 73 13 
41 111 0 
42 74 9 
41 112 87 
42 75 37 
41 113 36 
42 76 12 
41 114 71 
42 77 32 
41 115 51 
42 78 74 
42 79 43 
41 117 88 
42 80 3 
42 81 9 
44 43 38 
118 41 89 
41 119 6 
42 82 78 
43 45 42 
42 83 89 
43 46 27 
120 41 9 
42 84 75 
43 47 98 
121 41 80 
42 85 17 
43 48 62 
122 41 67 
41 123 48 
43 49 40 
41 124 87 
42 87 87 
43 50 78 
42 88 37 
43 51 91 
125 41 88 
41 126 83 
43 52 62 
89 42 87 
41 127 89 
43 53 28 
90 42 59 
42 91 14 
54 43 23 
42 92 63 
43 55 76 
42 93 54 
43 56 42 
42 94 89 
43 57 70 
42 95 49 
43 58 9 
42 96 90 
43 59 27 
42 97 40 
43 60 68 
42 98 58 
43 61 29 
42 99 43 
43 62 72 
43 63 32 
100 42 92 
43 64 61 
101 42 91 
43 65 77 
102 42 87 
42 103 12 
43 66 48 
42 104 38 
43 67 93 
42 105 57 
43 68 76 
42 106 9 
43 69 8 
42 107 25 
43 70 11 
42 108 38 
43 71 21 
42 109 85 
43 72 42 
42 110 18 
73 43 24 
42 111 20 
43 74 93 
42 112 49 
43 75 17 
42 113 65 
43 76 93 
42 114 47 
43 77 92 
43 78 92 
115 42 5 
42 116 32 
43 79 78 
42 117 57 
43 80 76 
43 81 84 
118 42 64 
42 119 10 
43 82 35 
44 45 53 
42 120 81 
43 83 38 
44 46 96 
42 121 12 
43 84 97 
44 47 42 
42 122 36 
43 85 12 
44 48 87 
42 123 47 
43 86 43 
49 44 75 
42 124 23 
43 87 7 
44 50 52 
43 88 2 
44 51 64 
125 42 95 
42 126 57 
43 89 37 
44 52 30 
44 53 93 
90 43 16 
44 54 89 
91 43 68 
43 92 84 
44 55 93 
43 93 51 
56 44 77 
43 94 71 
44 57 46 
43 95 46 
44 58 31 
43 96 50 
44 59 97 
43 97 16 
43 98 28 
44 61 1 
43 99 61 
44 62 56 
43 100 11 
44 63 43 
44 64 87 
101 43 96 
43 102 30 
44 65 7 
43 103 28 
67 44 0 
104 43 33 
44 68 23 
43 106 34 
69 44 15 
43 107 52 
44 70 40 
43 108 46 
44 71 45 
43 109 82 
72 44 81 
43 110 64 
44 73 65 
43 111 9 
74 44 38 
43 112 28 
44 75 40 
43 113 38 
44 76 3 
43 114 35 
44 77 53 
43 115 34 
44 78 73 
43 116 17 
44 79 36 
44 80 30 
43 118 68 
44 81 23 
43 119 79 
44 82 54 
43 120 80 
44 83 76 
45 46 0 
43 121 16 
44 84 85 
45 47 9 
43 122 82 
44 85 43 
45 48 64 
43 123 46 
44 86 80 
45 49 4 
44 87 78 
45 50 41 
43 125 62 
44 88 35 
51 45 75 
44 89 43 
45 52 54 
126 43 57 
43 127 19 
44 90 47 
45 53 38 
44 91 60 
45 54 92 
55 45 22 
92 44 71 
45 56 40 
93 44 5 
44 94 53 
45 57 6 
44 95 41 
45 58 62 
44 96 57 
45 59 80 
44 97 71 
45 60 95 
44 98 10 
45 61 88 
44 99 77 
45 62 2 
44 100 96 
44 101 0 
45 64 77 
44 102 63 
45 65 27 
44 103 55 
45 66 18 
44 104 83 
45 67 62 
44 105 83 
45 68 92 
44 106 13 
69 45 61 
44 107 0 
45 70 99 
44 108 81 
45 71 17 
44 109 99 
72 45 53 
44 110 39 
45 73 65 
44 111 4 
45 74 24 
44 112 84 
45 75 14 
44 113 48 
45 76 21 
44 114 4 
45 77 30 
44 115 61 
45 78 58 
44 116 49 
79 45 59 
45 80 36 
117 44 40 
44 118 30 
45 81 79 
45 82 79 
119 44 73 
44 120 16 
45 83 72 
44 121 26 
45 84 21 
47 46 53 
44 122 49 
45 85 29 
46 48 61 
44 123 11 
45 86 9 
46 49 55 
46 50 59 
124 44 49 
44 125 21 
88 45 51 
45 89 44 
52 46 65 
126 44 75 
44 127 81 
45 90 60 
46 53 8 
45 91 55 
46 54 43 
45 92 45 
46 55 29 
46 56 7 
45 94 92 
46 57 63 
45 95 29 
46 58 10 
45 96 13 
46 59 21 
46 60 67 
97 45 27 
45 98 49 
46 61 39 
45 99 84 
46 62 35 
45 100 21 
46 63 29 
45 101 28 
46 64 10 
45 102 84 
46 65 62 
45 103 37 
66 46 13 
45 104 57 
46 67 92 
45 105 58 
68 46 42 
45 106 16 
46 69 95 
45 107 13 
46 70 73 
45 109 82 
46 72 18 
45 110 79 
46 73 4 
46 74 9 
46 75 68 
112 45 79 
46 76 20 
45 114 60 
46 77 23 
45 115 67 
46 78 38 
45 116 70 
46 79 92 
45 117 39 
46 80 75 
46 81 51 
45 119 19 
46 82 27 
45 120 78 
83 46 81 
45 121 6 
46 84 90 
45 122 28 
47 48 1 
85 46 13 
45 123 10 
46 86 1 
47 49 64 
45 124 25 
46 87 73 
47 50 90 
45 125 39 
46 88 24 
47 51 51 
45 126 72 
46 89 98 
47 52 79 
45 127 24 
46 90 48 
53 47 24 
46 91 49 
47 54 34 
46 92 19 
47 55 32 
47 56 58 
93 46 76 
46 94 3 
47 57 48 
46 95 70 
47 58 38 
46 96 55 
47 59 87 
46 97 23 
47 60 85 
47 61 86 
47 62 81 
46 100 27 
47 63 71 
46 101 78 
47 64 63 
46 102 73 
47 65 75 
46 103 1 
47 66 45 
46 104 14 
47 67 90 
46 105 58 
47 68 14 
46 106 7 
69 47 18 
46 107 46 
47 70 75 
46 108 36 
47 71 52 
46 109 55 
47 72 51 
46 110 83 
47 73 94 
47 74 41 
111 46 15 
46 112 88 
47 75 14 
47 76 27 
47 77 73 
46 115 68 
47 78 62 
46 116 74 
47 79 94 
46 117 54 
47 80 38 
46 118 6 
47 81 6 
46 119 64 
47 82 33 
46 120 60 
47 83 45 
46 121 9 
47 84 9 
46 122 1 
47 85 47 
46 123 66 
47 86 21 
49 48 31 
46 124 9 
47 87 40 
48 50 1 
47 88 30 
51 48 67 
125 46 15 
47 89 96 
52 48 2 
126 46 9 
46 127 55 
53 48 13 
90 47 47 
48 54 35 
91 47 56 
47 92 98 
48 55 96 
47 93 13 
56 48 18 
48 57 61 
94 47 31 
47 95 55 
48 58 38 
47 96 11 
48 59 33 
47 97 44 
48 60 85 
47 98 28 
48 61 69 
47 99 83 
48 62 35 
47 100 55 
48 63 18 
47 101 39 
48 64 94 
47 102 45 
48 65 22 
47 103 74 
48 66 60 
47 104 21 
67 48 17 
47 105 30 
68 48 38 
47 106 36 
69 48 25 
48 70 61 
107 47 96 
47 108 51 
71 48 16 
47 109 38 
48 72 32 
47 110 49 
48 73 39 
47 111 88 
48 74 95 
48 75 1 
112 47 22 
47 113 41 
48 76 86 
47 114 97 
48 77 15 
47 115 36 
48 78 91 
47 116 75 
79 48 99 
47 117 48 
48 80 6 
47 118 50 
81 48 22 
47 119 31 
48 82 78 
47 120 57 
48 83 35 
47 121 0 
48 84 9 
48 85 66 
122 47 55 
47 123 4 
48 86 59 
47 124 56 
48 87 56 
49 50 2 
47 125 40 
51 49 16 
47 126 17 
49 52 91 
89 48 61 
47 127 72 
53 49 82 
90 48 96 
48 91 82 
49 54 97 
49 55 12 
92 48 41 
48 93 71 
56 49 27 
48 94 3 
49 57 95 
48 95 68 
49 58 32 
48 96 24 
49 59 57 
48 97 41 
49 60 0 
48 98 76 
49 61 44 
48 99 44 
62 49 44 
48 100 55 
49 63 92 
48 101 45 
64 49 35 
48 102 89 
65 49 54 
48 103 83 
49 66 35 
48 104 53 
67 49 35 
48 105 65 
49 68 60 
49 69 66 
48 107 79 
49 70 99 
48 108 79 
71 49 54 
48 109 43 
49 72 46 
48 110 91 
49 73 52 
48 111 6 
49 74 20 
48 112 71 
49 75 28 
48 113 44 
49 76 80 
48 114 29 
77 49 14 
48 115 45 
49 78 90 
116 48 2 
49 80 93 
117 48 71 
48 118 9 
48 119 42 
82 49 36 
48 120 69 
83 49 86 
48 121 50 
49 84 17 
49 85 35 
122 48 67 
48 123 29 
49 86 27 
48 124 26 
49 87 83 
48 125 38 
49 88 89 
50 51 79 
48 126 79 
49 89 68 
50 52 60 
48 127 55 
49 90 26 
50 53 98 
49 91 20 
50 54 64 
49 92 52 
50 55 90 
49 93 98 
50 56 9 
49 94 88 
50 57 49 
58 50 55 
95 49 83 
50 59 21 
49 97 4 
50 60 48 
49 98 87 
50 61 87 
49 99 68 
50 62 9 
49 100 88 
50 63 73 
49 101 2 
64 50 75 
49 102 82 
50 65 30 
49 104 60 
50 67 76 
49 105 79 
50 68 26 
50 69 29 
106 49 82 
49 107 1 
50 70 33 
49 108 5 
50 71 17 
49 109 10 
72 50 2 
49 110 87 
73 50 7 
74 50 80 
111 49 38 
49 112 72 
50 75 76 
50 76 20 
49 114 2 
50 77 34 
49 115 6 
50 79 6 
116 49 77 
50 80 54 
117 49 45 
49 118 57 
50 81 76 
82 50 64 
119 49 6 
49 120 78 
83 50 90 
49 121 42 
50 84 49 
49 122 79 
50 85 90 
49 123 18 
86 50 26 
49 124 86 
87 50 96 
49 125 35 
50 88 29 
49 126 72 
50 89 50 
51 52 88 
49 127 90 
50 90 92 
51 53 74 
50 91 42 
54 51 72 
50 92 53 
55 51 57 
50 93 90 
51 56 52 
50 94 86 
57 51 90 
50 95 25 
51 58 21 
50 96 13 
51 59 87 
50 97 30 
51 60 98 
50 98 67 
61 51 6 
50 99 19 
51 62 66 
63 51 96 
100 50 70 
51 64 3 
101 50 74 
50 102 99 
51 65 90 
50 103 3 
51 66 10 
50 104 84 
51 67 99 
50 105 83 
51 68 87 
50 106 48 
51 69 71 
50 107 30 
51 70 26 
108 50 69 
50 109 8 
51 72 79 
50 110 25 
51 73 87 
50 111 48 
74 51 49 
51 75 17 
112 50 47 
50 113 70 
51 76 27 
50 114 15 
51 77 11 
50 115 39 
51 78 23 
50 116 1 
79 51 5 
50 117 63 
51 80 35 
50 118 87 
51 81 97 
50 119 49 
82 51 2 
50 120 83 
51 83 30 
50 121 74 
51 84 83 
50 122 37 
51 85 63 
50 123 64 
51 86 38 
50 124 47 
51 87 28 
51 88 26 
125 50 56 
51 89 82 
50 127 82 
51 90 44 
52 53 4 
51 91 15 
54 52 7 
51 92 22 
52 55 32 
51 93 77 
52 56 46 
51 94 20 
52 57 2 
51 95 86 
52 58 78 
51 96 83 
52 59 89 
51 97 59 
52 60 61 
61 52 82 
98 51 59 
51 99 30 
52 62 26 
63 52 55 
100 51 84 
52 64 30 
101 51 84 
52 65 37 
102 51 17 
51 103 55 
52 66 87 
51 104 57 
52 67 66 
51 105 70 
52 68 31 
52 69 39 
106 51 54 
51 107 9 
52 70 61 
51 108 19 
52 71 27 
51 109 96 
52 72 75 
51 110 94 
73 52 51 
51 111 32 
52 74 78 
51 112 18 
52 75 15 
52 76 93 
113 51 4 
51 114 59 
77 52 10 
78 52 12 
115 51 51 
51 116 96 
52 79 37 
51 117 35 
80 52 76 
51 118 22 
52 81 83 
51 119 64 
52 82 23 
51 120 55 
52 83 45 
51 121 87 
52 84 58 
51 122 62 
85 52 2 
51 123 60 
52 86 88 
52 87 74 
124 51 50 
51 125 28 
52 88 72 
52 89 43 
126 51 66 
51 127 38 
52 90 0 
52 91 63 
53 54 13 
52 92 89 
53 55 24 
52 93 90 
53 56 50 
52 94 79 
53 57 63 
53 58 44 
95 52 26 
52 96 15 
59 53 21 
52 97 8 
53 60 11 
52 98 89 
53 61 64 
53 62 60 
99 52 98 
52 100 38 
53 63 29 
52 101 1 
64 53 5 
52 102 76 
53 65 78 
52 103 53 
53 66 39 
104 52 16 
52 105 12 
53 68 18 
53 69 92 
52 107 94 
53 70 8 
52 108 86 
53 71 40 
52 109 63 
53 72 41 
52 110 20 
53 73 12 
52 111 71 
53 74 20 
53 75 49 
112 52 96 
52 113 39 
53 76 71 
52 114 37 
77 53 58 
52 115 3 
53 78 42 
52 116 87 
53 79 2 
52 117 10 
53 80 18 
52 118 80 
53 81 50 
52 119 14 
82 53 78 
120 52 52 
52 121 10 
53 84 10 
52 122 42 
53 85 58 
53 86 52 
123 52 80 
52 124 66 
87 53 52 
52 125 82 
88 53 29 
52 126 7 
53 89 16 
52 127 15 
53 90 0 
53 91 6 
55 54 41 
53 93 69 
56 54 78 
54 57 79 
94 53 2 
53 95 55 
54 58 57 
53 96 0 
54 59 58 
53 97 97 
54 60 52 
53 98 3 
54 61 63 
53 99 15 
54 62 5 
54 63 45 
100 53 1 
53 101 57 
64 54 97 
54 65 43 
102 53 89 
53 103 12 
66 54 28 
54 67 11 
53 105 71 
54 68 97 
53 106 17 
54 69 14 
53 107 78 
54 70 48 
53 108 50 
54 71 81 
53 109 91 
54 72 61 
53 110 88 
54 73 8 
53 111 20 
54 74 12 
53 112 7 
54 75 86 
54 76 61 
113 53 91 
54 77 34 
114 53 36 
53 115 33 
53 116 30 
54 79 54 
53 117 70 
54 80 63 
53 118 31 
53 119 12 
54 82 66 
53 120 11 
54 83 75 
53 121 1 
54 84 68 
53 122 94 
54 85 2 
53 123 57 
54 86 42 
54 87 26 
124 53 65 
54 88 87 
125 53 57 
53 126 49 
89 54 2 
53 127 58 
54 90 84 
54 91 69 
54 92 81 
54 93 47 
54 94 46 
57 55 90 
55 58 72 
95 54 8 
54 96 99 
55 59 36 
54 97 34 
55 60 93 
54 98 48 
55 61 20 
54 99 90 
62 55 35 
54 100 13 
55 63 62 
55 64 70 
101 54 80 
54 102 89 
55 65 98 
54 103 96 
66 55 28 
54 104 32 
55 67 81 
54 105 23 
68 55 24 
54 106 75 
69 55 17 
54 107 33 
55 70 66 
71 55 20 
54 109 61 
55 72 90 
54 110 85 
54 111 52 
55 74 21 
54 112 53 
55 75 71 
55 76 11 
113 54 55 
54 114 30 
55 77 6 
54 115 86 
55 78 0 
55 79 81 
116 54 82 
54 117 88 
55 80 57 
54 118 57 
55 81 36 
54 119 60 
55 82 91 
54 120 5 
55 83 38 
54 121 4 
55 84 49 
54 122 88 
55 85 95 
55 86 45 
123 54 56 
55 87 26 
124 54 27 
54 125 47 
55 88 41 
54 126 72 
89 55 46 
54 127 88 
55 90 31 
55 91 52 
55 92 10 
55 93 3 
55 94 96 
56 57 23 
56 58 73 
95 55 82 
55 96 62 
56 59 91 
55 97 59 
56 60 53 
55 98 48 
56 61 29 
56 62 71 
99 55 1 
55 100 7 
56 63 5 
55 101 81 
64 56 22 
56 65 35 
102 55 25 
55 103 56 
56 66 25 
55 104 22 
56 67 43 
55 105 40 
56 68 8 
55 106 78 
56 69 27 
56 70 61 
107 55 82 
55 108 30 
56 71 35 
72 56 12 
55 110 84 
56 73 27 
55 111 20 
56 74 55 
55 112 71 
56 75 14 
55 113 79 
56 76 47 
55 114 68 
56 77 17 
55 115 49 
56 78 41 
55 116 68 
56 79 30 
55 117 98 
56 80 34 
55 118 18 
56 81 0 
55 119 59 
56 82 92 
56 83 81 
120 55 39 
55 121 58 
84 56 93 
55 122 25 
56 85 54 
56 86 83 
123 55 43 
55 124 86 
56 87 0 
55 125 2 
55 126 33 
56 89 55 
55 127 14 
90 56 84 
56 91 91 
56 92 56 
56 93 76 
94 56 15 
56 95 83 
57 58 24 
56 96 78 
57 59 38 
57 60 13 
97 56 51 
56 98 9 
57 61 62 
57 62 47 
99 56 94 
56 100 28 
63 57 37 
57 64 79 
101 56 32 
57 65 89 
56 103 81 
57 66 83 
56 104 8 
57 67 84 
56 105 68 
57 68 4 
56 106 84 
57 69 47 
56 107 18 
57 70 97 
56 108 17 
57 71 96 
56 109 51 
57 72 13 
56 110 7 
57 73 10 
56 111 64 
57 74 53 
56 112 39 
57 75 60 
56 113 79 
57 76 50 
56 114 15 
57 77 43 
56 115 95 
57 78 71 
57 79 84 
116 56 1 
56 117 34 
57 80 1 
56 118 43 
57 81 98 
56 119 91 
57 82 44 
57 83 61 
120 56 49 
57 84 84 
121 56 76 
56 122 58 
57 85 74 
56 123 95 
57 86 22 
56 124 18 
57 87 68 
56 125 46 
57 88 68 
56 126 91 
57 89 38 
56 127 75 
57 90 33 
57 91 18 
57 92 43 
57 93 49 
57 94 49 
57 95 17 
58 59 87 
96 57 32 
58 60 39 
97 57 23 
57 98 94 
58 61 28 
57 99 46 
58 62 95 
57 100 20 
58 63 61 
58 64 85 
101 57 4 
57 102 43 
58 65 14 
57 103 29 
58 66 20 
57 104 62 
57 105 27 
58 68 65 
58 69 83 
106 57 71 
58 70 69 
107 57 29 
57 108 34 
71 58 48 
57 109 79 
72 58 27 
57 110 73 
57 111 57 
58 74 14 
58 75 90 
112 57 65 
57 113 54 
58 76 51 
58 77 19 
114 57 36 
58 78 42 
115 57 78 
57 116 39 
58 79 48 
57 117 49 
58 80 61 
57 118 57 
58 81 71 
57 119 59 
58 82 74 
58 83 63 
120 57 48 
84 58 69 
121 57 11 
57 122 4 
85 58 45 
86 58 83 
123 57 21 
58 87 1 
124 57 82 
57 125 73 
58 88 42 
57 126 33 
58 89 3 
57 127 72 
58 90 2 
58 91 24 
58 92 62 
58 93 72 
58 95 74 
58 96 46 
58 97 29 
60 59 99 
59 61 91 
98 58 85 
59 62 79 
99 58 25 
58 100 82 
59 63 44 
58 101 82 
59 64 45 
65 59 26 
102 58 80 
58 103 82 
59 66 44 
59 67 80 
104 58 90 
58 105 95 
59 68 19 
59 69 10 
106 58 16 
58 107 43 
59 70 86 
58 108 3 
59 71 74 
58 109 74 
72 59 50 
58 110 80 
59 73 54 
58 111 68 
59 74 49 
59 75 95 
58 113 90 
76 59 16 
58 114 11 
59 77 34 
58 115 90 
59 78 32 
58 116 46 
59 79 74 
58 117 96 
59 80 62 
58 118 54 
59 81 35 
58 119 45 
59 82 2 
59 83 90 
58 121 83 
59 84 59 
58 122 64 
85 59 78 
58 123 6 
86 59 55 
58 124 25 
59 87 95 
58 125 93 
59 88 41 
58 126 84 
59 89 85 
58 127 11 
59 90 9 
59 91 6 
59 92 90 
59 93 3 
94 59 45 
59 95 71 
59 96 89 
59 97 80 
59 98 89 
60 61 90 
59 99 29 
60 62 26 
59 100 14 
60 63 62 
60 64 60 
59 102 48 
60 65 15 
60 66 88 
103 59 80 
59 104 45 
60 67 22 
60 68 85 
105 59 24 
59 106 55 
69 60 0 
59 107 82 
60 70 29 
59 108 99 
60 71 43 
59 109 85 
60 72 46 
59 110 65 
60 73 39 
59 111 93 
74 60 86 
60 75 91 
112 59 77 
60 76 87 
113 59 35 
60 77 0 
114 59 64 
78 60 37 
60 79 57 
116 59 57 
59 117 74 
60 80 74 
59 118 90 
81 60 52 
59 119 55 
60 82 12 
60 83 56 
120 59 71 
59 121 76 
60 84 10 
59 122 72 
60 85 50 
123 59 57 
59 124 11 
60 87 75 
59 125 32 
60 88 59 
59 127 14 
60 90 5 
60 91 50 
60 92 82 
60 93 24 
60 94 35 
95 60 41 
60 96 59 
97 60 33 
60 98 6 
61 62 65 
99 60 40 
60 100 53 
61 63 16 
61 64 72 
101 60 74 
60 102 58 
61 65 35 
60 103 14 
61 66 10 
61 67 77 
104 60 83 
60 105 84 
61 68 84 
60 106 3 
61 69 42 
61 70 63 
107 60 5 
60 108 78 
71 61 60 
60 109 53 
61 72 68 
60 110 27 
61 73 27 
60 111 95 
61 74 68 
60 112 1 
61 75 28 
60 113 18 
61 76 71 
77 61 41 
114 60 98 
60 115 69 
78 61 55 
61 79 48 
116 60 33 
60 117 9 
61 80 1 
60 118 69 
61 81 21 
60 119 83 
61 82 95 
60 120 48 
83 61 98 
60 121 64 
61 84 10 
61 85 41 
122 60 18 
60 123 50 
61 86 22 
60 124 74 
87 61 92 
60 125 44 
60 126 71 
61 89 11 
60 127 56 
90 61 51 
61 91 78 
61 92 57 
94 61 49 
61 95 9 
61 96 36 
61 97 93 
98 61 77 
61 99 4 
62 63 29 
62 64 1 
101 61 25 
61 102 78 
62 65 25 
61 103 62 
62 66 30 
61 104 32 
62 67 92 
61 105 42 
62 68 39 
61 106 11 
62 69 6 
61 107 18 
70 62 12 
61 108 71 
61 109 97 
62 72 70 
61 110 67 
62 73 53 
61 111 65 
62 74 8 
61 112 61 
62 75 80 
62 76 9 
61 114 62 
62 77 27 
61 115 80 
62 78 28 
79 62 44 
116 61 10 
61 117 11 
62 80 20 
61 118 5 
62 81 2 
61 119 29 
62 82 43 
61 120 97 
83 62 25 
61 121 83 
84 62 38 
61 122 29 
85 62 90 
62 86 5 
123 61 97 
61 124 88 
62 87 93 
125 61 84 
62 89 24 
126 61 89 
90 62 40 
127 61 85 
91 62 53 
62 92 28 
62 93 19 
62 94 22 
95 62 85 
96 62 44 
62 97 9 
62 98 9 
99 62 87 
62 100 67 
62 101 64 
63 64 44 
62 102 76 
65 63 25 
62 103 94 
63 66 62 
62 104 6 
63 67 1 
62 105 66 
68 63 54 
62 106 79 
63 69 18 
62 107 2 
63 70 40 
62 108 72 
71 63 15 
62 109 68 
63 72 35 
62 110 85 
63 73 67 
62 111 23 
63 74 22 
62 112 7 
63 75 60 
63 76 92 
113 62 15 
63 77 74 
114 62 19 
62 115 49 
63 78 75 
62 116 6 
63 79 83 
63 80 88 
117 62 41 
63 81 35 
118 62 19 
62 119 64 
82 63 32 
62 120 29 
63 83 39 
62 121 94 
63 84 95 
62 122 82 
63 85 32 
63 86 29 
62 124 37 
63 87 27 
62 125 77 
63 88 85 
62 126 0 
63 89 57 
62 127 61 
63 90 1 
63 91 1 
63 92 70 
63 95 18 
63 96 91 
63 97 0 
98 63 67 
63 99 78 
63 100 64 
63 101 11 
64 65 23 
63 103 0 
64 66 60 
63 104 82 
63 105 69 
68 64 87 
63 106 88 
64 69 68 
64 70 57 
108 63 41 
72 64 97 
109 63 99 
63 110 61 
73 64 53 
63 111 84 
64 74 12 
64 75 19 
112 63 14 
63 113 11 
64 76 21 
64 77 68 
114 63 20 
63 115 15 
64 78 39 
63 116 8 
64 79 72 
63 117 20 
80 64 79 
63 118 1 
64 81 55 
64 82 78 
63 120 4 
64 83 84 
63 121 80 
63 122 28 
64 85 42 
63 123 5 
64 86 89 
63 124 92 
64 87 90 
64 88 61 
125 63 87 
63 126 99 
64 89 48 
63 127 5 
64 90 19 
64 91 59 
64 92 1 
64 93 30 
64 94 58 
64 95 73 
64 96 22 
64 97 69 
64 98 27 
64 99 89 
100 64 98 
64 101 65 
102 64 99 
64 103 2 
65 66 69 
64 104 68 
67 65 38 
64 105 33 
65 68 53 
64 106 53 
65 69 99 
64 107 90 
65 70 78 
64 108 32 
65 71 52 
64 109 20 
65 72 28 
64 110 44 
65 73 77 
64 111 14 
65 74 57 
64 112 32 
64 113 34 
65 76 16 
64 114 99 
64 115 68 
65 78 60 
64 116 92 
79 65 3 
64 117 44 
65 80 76 
64 118 25 
65 81 43 
65 82 38 
119 64 13 
65 83 21 
64 121 56 
84 65 4 
64 122 24 
65 85 72 
64 123 49 
65 86 80 
64 124 24 
65 87 34 
64 125 18 
65 88 0 
64 126 4 
65 89 56 
64 127 52 
90 65 71 
65 91 50 
65 92 32 
65 93 81 
65 94 59 
65 95 40 
65 96 87 
65 97 58 
65 98 80 
65 99 1 
100 65 84 
65 101 26 
65 102 66 
65 103 78 
65 104 21 
66 67 70 
65 105 19 
66 68 3 
65 106 27 
66 69 78 
65 107 61 
70 66 42 
65 108 24 
66 71 63 
65 109 20 
66 72 76 
65 110 9 
66 73 86 
65 111 38 
66 74 23 
65 112 35 
66 75 50 
65 113 73 
66 76 6 
65 114 36 
66 77 69 
65 115 11 
66 78 42 
65 116 8 
66 79 92 
65 117 37 
66 80 80 
65 118 49 
66 81 8 
66 82 38 
66 83 21 
120 65 31 
65 121 68 
66 84 72 
65 122 83 
85 66 88 
65 123 84 
86 66 33 
65 124 99 
66 87 82 
66 88 83 
66 89 22 
126 65 98 
65 127 67 
90 66 73 
91 66 10 
66 92 65 
66 93 22 
66 94 53 
66 95 39 
66 96 27 
66 97 70 
66 98 82 
66 99 70 
66 100 47 
66 101 2 
102 66 5 
103 66 17 
104 66 90 
66 105 60 
67 68 1 
66 106 53 
67 69 28 
66 107 59 
67 70 7 
108 66 38 
66 109 58 
67 72 41 
66 110 67 
67 73 1 
66 111 25 
74 67 3 
66 112 88 
67 75 30 
66 113 40 
76 67 24 
66 114 90 
67 77 28 
67 78 6 
115 66 29 
66 116 75 
67 79 33 
66 117 76 
80 67 44 
66 118 11 
67 81 53 
66 119 98 
82 67 88 
66 120 99 
67 83 10 
67 84 8 
66 122 33 
67 85 39 
66 123 17 
67 86 10 
67 87 37 
66 125 60 
67 88 7 
66 126 39 
67 89 92 
66 127 3 
67 90 29 
67 91 52 
67 92 94 
67 93 89 
67 94 39 
67 95 15 
67 97 23 
67 98 78 
99 67 54 
67 100 76 
67 101 18 
67 102 50 
67 103 94 
67 104 47 
67 105 54 
67 106 90 
68 69 33 
67 107 81 
68 70 11 
67 108 83 
71 68 0 
68 72 31 
67 110 24 
68 73 11 
67 111 69 
74 68 54 
67 112 56 
67 113 54 
68 76 87 
67 114 14 
68 77 80 
67 115 90 
68 78 35 
67 116 76 
68 79 21 
67 117 7 
68 80 11 
67 118 81 
68 81 60 
67 119 34 
82 68 96 
68 83 4 
120 67 42 
67 121 33 
68 84 63 
67 122 23 
85 68 37 
67 123 94 
68 86 10 
67 124 54 
68 87 99 
67 125 59 
68 88 27 
67 126 26 
68 89 91 
67 127 26 
68 90 58 
68 91 31 
68 92 68 
68 93 82 
68 94 36 
68 95 57 
68 96 93 
68 97 91 
68 98 16 
68 99 75 
68 100 66 
68 101 15 
68 102 50 
103 68 95 
68 104 74 
68 105 58 
68 106 32 
68 107 13 
69 70 16 
68 108 18 
69 71 97 
68 109 9 
69 72 38 
68 110 23 
69 73 20 
68 111 90 
69 74 49 
68 112 51 
69 75 38 
68 113 35 
69 76 7 
68 114 40 
69 77 52 
68 115 71 
69 78 95 
69 79 74 
116 68 12 
68 117 39 
69 80 40 
68 118 14 
69 81 64 
68 119 45 
69 82 36 
69 83 65 
120 68 7 
68 121 39 
84 69 19 
68 122 12 
69 85 23 
68 123 52 
69 86 69 
68 124 90 
69 87 99 
68 125 74 
88 69 36 
68 126 83 
69 89 43 
68 127 77 
69 90 21 
69 91 15 
69 92 11 
69 93 48 
69 94 59 
69 95 81 
69 96 62 
69 98 85 
69 99 70 
69 100 8 
101 69 6 
69 102 11 
69 103 73 
69 104 82 
105 69 33 
69 106 33 
69 107 65 
69 108 72 
71 70 52 
69 109 82 
70 72 12 
69 110 65 
70 73 35 
69 111 53 
70 74 75 
69 112 8 
70 75 81 
70 76 25 
113 69 55 
70 77 3 
114 69 29 
69 115 90 
70 78 12 
69 116 80 
70 79 14 
69 117 53 
70 80 35 
70 81 23 
69 119 90 
70 82 40 
69 120 65 
70 83 24 
70 84 36 
121 69 61 
69 122 92 
85 70 83 
70 86 44 
123 69 99 
69 124 0 
70 88 24 
125 69 26 
69 126 65 
70 89 72 
69 127 62 
70 90 98 
70 91 85 
70 92 44 
93 70 80 
70 94 35 
70 96 35 
70 97 40 
70 98 52 
99 70 99 
100 70 8 
70 101 40 
102 70 91 
103 70 85 
70 104 67 
70 105 3 
70 107 84 
70 108 55 
71 72 2 
70 110 38 
71 73 38 
70 111 57 
74 71 83 
70 112 68 
71 75 98 
70 113 62 
71 76 47 
70 114 30 
77 71 0 
70 115 75 
71 78 99 
70 116 4 
71 79 83 
70 117 49 
80 71 7 
70 118 16 
71 81 44 
70 119 57 
71 82 14 
70 120 86 
71 83 85 
70 121 11 
71 84 84 
70 122 52 
85 71 69 
70 123 88 
71 86 20 
70 124 68 
71 87 68 
70 125 9 
71 88 39 
70 126 20 
89 71 83 
70 127 83 
71 91 54 
71 92 90 
71 93 57 
71 94 6 
71 95 65 
71 96 80 
71 97 14 
71 98 29 
71 99 76 
71 100 38 
101 71 99 
71 102 13 
71 103 30 
71 104 46 
71 105 57 
71 106 97 
71 107 5 
71 108 51 
71 110 42 
73 72 50 
71 111 10 
74 72 5 
71 112 97 
72 75 85 
71 113 36 
76 72 92 
71 114 24 
72 77 66 
71 115 63 
72 78 73 
71 116 96 
72 79 7 
71 117 22 
72 80 18 
71 118 26 
72 81 68 
71 119 84 
72 82 17 
71 120 87 
72 83 53 
71 121 54 
72 84 94 
71 122 42 
72 85 84 
72 86 14 
123 71 9 
72 87 73 
124 71 76 
71 125 14 
72 88 33 
71 126 26 
72 89 98 
71 127 83 
90 72 91 
72 91 30 
92 72 3 
72 93 32 
72 94 11 
72 96 99 
72 97 44 
72 99 25 
72 100 48 
72 101 1 
72 102 50 
103 72 49 
72 104 50 
72 106 88 
72 107 1 
72 108 45 
72 109 97 
72 110 30 
72 111 37 
73 74 55 
72 112 49 
73 75 64 
73 76 81 
113 72 36 
72 114 20 
77 73 53 
72 115 98 
73 78 64 
73 79 1 
116 72 76 
72 117 27 
73 80 71 
72 118 92 
73 81 66 
72 119 85 
73 82 81 
83 73 95 
120 72 12 
72 121 61 
84 73 56 
85 73 33 
72 123 42 
86 73 76 
73 87 87 
124 72 45 
72 125 14 
73 88 93 
72 126 80 
73 89 61 
72 127 38 
73 90 12 
73 91 42 
73 92 10 
73 94 46 
73 95 4 
73 96 23 
73 97 43 
98 73 6 
73 99 29 
73 100 40 
73 101 40 
73 102 47 
73 103 64 
104 73 75 
73 105 17 
106 73 13 
73 107 56 
73 108 97 
73 109 11 
73 110 88 
73 111 56 
73 112 52 
74 75 92 
73 113 33 
76 74 61 
73 114 79 
74 77 80 
73 115 32 
74 78 60 
73 116 76 
74 79 78 
73 117 67 
74 80 6 
73 118 10 
74 81 73 
73 119 94 
74 82 41 
73 120 96 
74 83 54 
73 121 87 
74 84 16 
73 122 63 
74 85 79 
73 123 10 
74 86 81 
73 124 54 
87 74 54 
73 125 66 
74 88 64 
74 89 17 
73 127 3 
74 90 70 
74 91 65 
74 92 93 
74 93 93 
74 94 31 
74 95 49 
96 74 30 
74 97 63 
74 98 69 
99 74 72 
74 100 20 
74 101 98 
74 103 8 
74 104 75 
74 105 69 
74 106 95 
74 107 9 
74 108 99 
74 109 44 
74 110 51 
111 74 78 
112 74 98 
74 113 25 
75 76 64 
74 114 11 
75 77 83 
74 115 15 
75 78 81 
74 116 84 
75 79 13 
74 117 74 
75 80 8 
74 118 52 
81 75 70 
74 119 13 
82 75 96 
74 120 92 
75 83 48 
74 121 6 
84 75 94 
74 122 18 
75 85 69 
74 123 8 
75 86 2 
74 124 94 
75 87 3 
74 125 86 
75 88 20 
126 74 33 
74 127 45 
75 90 75 
91 75 11 
75 92 46 
75 93 28 
75 94 4 
75 95 7 
75 96 47 
75 97 86 
98 75 18 
75 99 22 
75 100 46 
75 101 75 
75 102 53 
75 103 28 
75 104 59 
75 105 85 
75 106 32 
107 75 28 
75 108 3 
75 109 47 
75 110 72 
75 111 19 
112 75 16 
75 113 52 
75 114 38 
76 77 37 
75 115 8 
76 78 55 
75 116 61 
79 76 84 
76 80 82 
75 118 40 
76 81 86 
75 119 68 
76 82 48 
75 120 28 
76 83 40 
75 121 94 
76 84 21 
75 122 61 
76 85 97 
76 86 54 
123 75 78 
75 124 50 
76 87 17 
75 125 22 
76 88 84 
75 126 41 
89 76 4 
75 127 71 
76 90 26 
76 91 31 
76 92 7 
76 93 11 
76 94 9 
95 76 96 
76 96 24 
76 97 33 
76 98 29 
76 99 22 
76 100 42 
101 76 76 
76 102 79 
76 103 7 
76 104 32 
76 105 49 
76 106 56 
107 76 74 
108 76 24 
76 109 89 
76 110 65 
76 111 36 
76 112 28 
76 113 95 
76 114 71 
76 115 40 
77 78 86 
76 116 40 
77 79 98 
76 117 25 
80 77 16 
77 81 29 
118 76 18 
76 119 18 
77 82 3 
76 120 45 
77 83 24 
76 121 33 
77 84 66 
76 122 68 
77 85 51 
77 86 30 
123 76 72 
76 124 21 
77 87 45 
76 125 48 
77 88 36 
76 126 62 
77 89 28 
76 127 63 
77 90 69 
77 91 61 
77 92 99 
77 93 77 
77 94 0 
77 95 6 
77 96 23 
77 97 64 
77 98 84 
77 99 73 
77 101 98 
77 102 33 
103 77 58 
77 104 70 
77 105 8 
77 106 2 
77 107 98 
77 108 41 
77 109 53 
77 110 55 
77 111 90 
77 112 8 
77 113 48 
77 114 59 
115 77 24 
77 116 65 
79 78 24 
77 117 64 
78 80 69 
77 118 15 
77 119 45 
78 82 36 
77 120 32 
78 83 39 
78 84 7 
121 77 30 
77 122 46 
78 85 96 
77 123 82 
78 86 38 
78 87 89 
77 125 13 
78 88 28 
77 126 74 
78 89 31 
77 127 82 
78 90 53 
78 91 61 
78 92 40 
78 93 47 
78 94 24 
95 78 64 
78 96 63 
78 97 10 
78 98 36 
99 78 35 
78 100 2 
78 101 15 
78 102 18 
78 104 13 
105 78 14 
78 106 44 
78 107 6 
78 108 11 
78 109 51 
78 110 97 
78 111 10 
78 112 50 
78 113 29 
78 114 80 
78 115 46 
78 116 99 
78 117 74 
79 80 1 
79 81 59 
118 78 88 
78 119 73 
79 82 10 
79 83 92 
120 78 5 
78 121 10 
84 79 19 
78 122 59 
79 86 22 
78 124 60 
79 87 49 
79 88 92 
125 78 53 
79 89 75 
126 78 32 
78 127 88 
79 90 22 
79 91 98 
79 92 53 
79 93 9 
79 94 49 
79 95 4 
79 96 65 
98 79 36 
79 99 85 
79 100 52 
79 101 71 
79 102 89 
79 103 37 
79 104 60 
105 79 72 
79 106 7 
79 107 76 
79 109 65 
79 110 86 
79 111 1 
79 112 88 
79 113 55 
79 114 61 
115 79 0 
79 116 51 
117 79 47 
79 118 77 
80 81 60 
79 119 75 
80 82 46 
79 120 69 
80 83 19 
80 84 27 
121 79 5 
79 122 96 
80 86 18 
123 79 99 
79 124 40 
80 87 36 
79 125 70 
80 88 59 
79 126 69 
80 89 23 
80 90 6 
127 79 27 
80 91 33 
92 80 74 
93 80 94 
80 94 58 
80 95 2 
96 80 92 
80 97 16 
80 98 87 
80 99 79 
80 100 23 
80 101 13 
80 102 24 
80 103 40 
80 104 39 
80 105 85 
80 106 32 
80 107 15 
80 108 19 
80 109 61 
80 110 82 
80 111 71 
80 112 73 
80 113 50 
80 114 97 
80 115 35 
80 116 24 
117 80 86 
80 118 20 
80 119 84 
81 82 4 
80 120 97 
81 83 28 
80 121 77 
81 84 15 
80 122 61 
81 85 74 
81 86 17 
80 124 14 
81 87 11 
80 125 39 
88 81 2 
80 126 80 
81 89 4 
80 127 0 
81 90 82 
81 91 72 
81 92 44 
81 93 9 
81 94 29 
81 95 61 
81 96 90 
81 97 71 
81 98 61 
81 99 70 
81 100 36 
81 101 39 
81 102 83 
81 103 26 
104 81 17 
81 105 89 
81 106 94 
81 107 57 
81 108 36 
81 109 15 
81 110 28 
81 111 65 
81 112 41 
81 113 61 
81 114 69 
81 115 45 
81 116 21 
81 117 48 
81 118 67 
81 119 18 
81 120 85 
82 83 83 
81 121 59 
82 84 45 
81 122 32 
82 85 66 
81 123 5 
82 86 27 
81 124 24 
82 87 56 
81 125 87 
82 88 60 
81 126 3 
82 89 32 
81 127 38 
82 90 55 
82 91 59 
92 82 19 
82 93 13 
82 94 17 
82 96 80 
82 97 50 
82 98 61 
99 82 26 
82 100 86 
82 101 99 
82 102 62 
103 82 59 
82 104 75 
82 105 60 
82 106 21 
82 107 50 
82 108 75 
82 109 6 
110 82 73 
82 111 84 
82 112 59 
82 113 4 
82 114 47 
115 82 13 
82 116 12 
117 82 85 
82 118 43 
82 119 14 
82 120 0 
83 84 58 
82 122 66 
83 85 86 
82 123 8 
83 86 53 
82 124 69 
82 125 78 
83 88 22 
82 126 45 
83 89 27 
82 127 48 
83 90 15 
83 92 56 
93 83 9 
83 94 42 
83 95 28 
83 96 33 
97 83 78 
98 83 38 
83 99 86 
83 100 77 
101 83 83 
83 102 46 
83 103 50 
83 105 76 
83 106 87 
83 107 9 
83 108 65 
83 109 50 
83 110 9 
83 111 41 
83 112 35 
83 113 38 
114 83 55 
83 115 27 
83 116 59 
83 118 58 
83 119 51 
83 120 12 
83 121 53 
83 122 77 
84 85 99 
83 123 30 
86 84 63 
83 124 8 
84 87 48 
83 125 46 
84 88 29 
83 126 8 
84 89 84 
90 84 34 
127 83 96 
84 91 9 
84 92 30 
84 93 99 
94 84 88 
84 95 3 
84 96 59 
84 97 45 
84 98 78 
84 99 66 
84 100 70 
101 84 80 
102 84 50 
84 103 10 
84 104 2 
105 84 54 
84 106 99 
84 107 91 
84 108 56 
84 109 47 
84 110 70 
84 111 77 
84 112 77 
113 84 87 
84 114 88 
84 115 71 
84 116 11 
117 84 32 
118 84 82 
84 119 26 
84 121 59 
122 84 13 
84 123 21 
85 86 33 
84 124 50 
85 87 45 
84 125 28 
88 85 72 
85 89 5 
126 84 33 
84 127 54 
85 90 26 
85 91 66 
85 92 61 
93 85 81 
85 94 50 
85 95 36 
85 96 16 
85 97 85 
85 98 23 
85 99 33 
85 100 78 
85 101 79 
85 102 86 
103 85 49 
85 104 89 
85 105 23 
85 106 34 
85 107 14 
108 85 24 
85 109 20 
85 110 60 
111 85 57 
85 112 18 
85 113 73 
85 114 26 
85 115 41 
85 116 70 
85 117 91 
85 118 90 
85 119 89 
85 120 6 
85 121 17 
122 85 5 
85 123 19 
85 124 86 
87 86 5 
85 125 22 
86 88 45 
85 126 64 
86 89 79 
85 127 86 
86 90 86 
91 86 67 
86 92 7 
86 93 11 
86 94 28 
86 95 11 
86 96 51 
86 97 23 
86 98 86 
86 99 53 
86 100 48 
86 101 18 
102 86 73 
86 103 31 
86 104 54 
86 105 4 
86 106 77 
107 86 69 
86 108 92 
109 86 10 
86 110 16 
86 111 72 
86 112 32 
86 113 32 
86 114 81 
115 86 99 
86 116 59 
86 117 82 
86 118 23 
86 119 32 
86 120 69 
86 121 31 
122 86 42 
86 124 25 
86 125 37 
87 88 61 
86 126 37 
87 89 8 
87 90 12 
87 91 91 
87 92 90 
87 93 27 
87 94 19 
87 96 88 
87 97 91 
87 98 86 
87 99 18 
87 100 41 
87 101 83 
87 102 63 
87 103 92 
87 104 56 
87 105 29 
87 106 97 
87 107 39 
87 108 33 
87 109 23 
87 110 92 
111 87 84 
87 112 27 
87 113 52 
87 114 7 
87 115 11 
87 116 1 
87 117 88 
87 118 99 
87 119 19 
87 120 63 
87 121 2 
87 122 37 
87 123 39 
87 124 88 
87 125 60 
87 126 32 
88 89 3 
88 90 93 
127 87 93 
88 91 39 
88 92 0 
93 88 85 
88 94 24 
88 95 39 
88 96 43 
88 97 19 
98 88 79 
99 88 69 
88 100 19 
88 101 55 
88 102 10 
88 103 35 
88 104 52 
88 105 65 
88 106 60 
88 107 83 
88 108 32 
109 88 1 
88 110 34 
88 111 19 
88 112 80 
88 113 91 
88 114 29 
88 115 35 
88 116 25 
88 117 40 
88 118 6 
88 119 44 
88 120 55 
88 121 59 
88 122 46 
88 123 31 
88 124 94 
125 88 77 
88 126 10 
88 127 71 
89 90 54 
89 91 23 
89 92 59 
93 89 28 
89 94 1 
89 95 21 
89 96 97 
89 97 78 
89 98 78 
89 99 5 
89 100 80 
89 101 24 
89 102 97 
89 103 23 
89 104 95 
105 89 14 
89 106 15 
107 89 66 
89 108 26 
89 109 52 
89 110 83 
89 111 99 
89 112 49 
89 113 77 
89 114 74 
89 115 54 
89 116 60 
89 117 73 
89 118 68 
89 119 43 
120 89 13 
89 121 33 
89 122 63 
89 123 95 
89 124 95 
89 125 86 
89 126 71 
127 89 26 
90 91 65 
90 92 36 
90 93 8 
90 94 42 
95 90 47 
90 96 74 
90 97 13 
90 98 85 
90 99 33 
90 100 86 
90 101 97 
90 102 72 
90 103 73 
90 104 92 
90 105 31 
90 106 17 
90 107 36 
108 90 11 
90 109 31 
90 110 32 
111 90 8 
90 112 49 
90 113 41 
90 114 53 
115 90 12 
90 116 26 
90 117 6 
90 118 51 
90 119 57 
90 120 47 
90 121 75 
90 122 43 
90 123 71 
90 124 19 
90 125 36 
90 126 6 
90 127 4 
91 92 49 
91 93 70 
91 94 9 
91 95 50 
91 96 73 
91 97 58 
91 98 28 
91 100 16 
91 101 27 
91 102 94 
91 103 77 
91 104 82 
91 106 81 
91 107 2 
91 108 51 
91 109 13 
91 110 60 
91 111 27 
91 112 68 
113 91 70 
91 114 30 
91 115 25 
91 116 45 
91 117 81 
91 118 25 
91 119 10 
91 120 58 
91 121 50 
91 124 44 
91 125 1 
91 126 48 
91 127 22 
92 93 24 
92 94 55 
92 95 14 
92 96 9 
92 97 57 
98 92 30 
92 99 54 
92 100 4 
92 101 98 
102 92 43 
92 103 9 
92 104 81 
92 105 66 
92 106 42 
92 107 11 
92 108 2 
92 109 74 
92 111 84 
92 112 45 
92 113 70 
92 114 99 
115 92 3 
92 116 43 
92 117 40 
92 118 28 
92 119 69 
92 120 30 
92 121 74 
92 122 20 
92 123 90 
124 92 55 
125 92 56 
92 126 92 
92 127 56 
93 94 45 
93 95 5 
93 96 56 
93 97 56 
93 98 92 
100 93 30 
93 101 35 
102 93 92 
93 103 13 
104 93 4 
93 105 46 
93 106 86 
93 107 39 
93 108 67 
93 109 1 
93 110 85 
93 111 64 
93 112 5 
93 113 67 
93 114 55 
93 115 48 
93 117 54 
93 118 60 
93 119 60 
93 120 66 
93 121 34 
93 122 91 
93 123 15 
93 124 59 
93 125 39 
93 126 8 
93 127 72 
94 95 45 
96 94 43 
94 97 25 
94 98 3 
94 99 2 
94 101 62 
94 102 31 
94 103 92 
104 94 74 
105 94 32 
94 106 58 
94 107 30 
94 108 20 
94 109 81 
94 110 95 
94 112 39 
94 113 38 
94 114 14 
94 115 41 
94 116 81 
94 117 15 
94 118 78 
94 119 1 
94 120 89 
94 121 20 
94 122 94 
94 123 43 
94 124 81 
125 94 63 
94 126 43 
94 127 3 
95 96 78 
95 97 37 
95 98 34 
95 99 82 
95 100 76 
95 101 81 
95 102 40 
95 103 54 
104 95 6 
95 105 60 
106 95 56 
95 107 83 
95 108 18 
95 109 13 
95 110 8 
95 111 37 
95 112 82 
95 113 54 
95 114 19 
115 95 46 
116 95 76 
95 117 75 
95 118 5 
95 119 74 
95 120 29 
95 121 90 
95 122 33 
95 123 86 
95 124 16 
95 125 36 
95 126 52 
95 127 5 
96 97 93 
96 98 21 
96 99 37 
100 96 95 
96 101 86 
96 103 22 
96 104 21 
96 105 18 
106 96 88 
96 108 48 
96 109 50 
96 110 34 
96 111 4 
96 112 20 
96 113 65 
96 114 73 
115 96 52 
96 116 66 
96 117 68 
118 96 86 
96 119 26 
96 120 54 
96 121 10 
96 122 78 
96 123 87 
96 124 18 
125 96 37 
96 126 90 
96 127 31 
97 98 96 
97 99 14 
100 97 98 
97 101 33 
97 102 92 
97 104 36 
97 105 8 
97 106 5 
107 97 66 
97 108 52 
97 109 72 
97 111 29 
97 112 28 
97 113 60 
97 114 76 
97 115 52 
97 116 92 
97 117 41 
97 118 42 
97 119 67 
120 97 34 
97 121 30 
97 122 90 
97 123 33 
97 124 12 
97 125 10 
97 126 7 
97 127 39 
98 99 32 
98 100 36 
98 101 14 
98 102 20 
98 103 26 
98 104 69 
98 105 50 
98 106 40 
107 98 2 
98 108 69 
98 109 17 
98 110 59 
111 98 10 
98 112 72 
98 113 16 
98 114 41 
98 116 89 
98 117 49 
98 118 13 
98 120 46 
98 121 82 
98 122 77 
98 123 5 
98 124 84 
98 125 10 
98 126 22 
127 98 99 
99 100 13 
99 101 97 
99 102 21 
99 103 79 
99 104 59 
99 106 0 
99 107 63 
99 108 61 
99 109 76 
99 110 86 
99 111 7 
112 99 39 
99 113 37 
99 114 28 
99 115 95 
99 116 51 
99 117 10 
118 99 63 
119 99 34 
120 99 98 
99 121 80 
122 99 6 
99 123 97 
99 124 72 
99 125 32 
99 126 1 
99 127 38 
101 100 27 
100 102 54 
100 103 80 
100 104 18 
100 105 83 
100 106 85 
100 107 57 
100 108 90 
100 109 70 
100 110 86 
100 111 13 
100 112 74 
100 113 46 
100 114 90 
100 115 68 
100 116 54 
100 117 52 
100 118 93 
100 119 30 
100 120 36 
100 122 21 
100 123 19 
100 124 3 
125 100 27 
126 100 42 
100 127 79 
101 102 50 
101 103 48 
101 104 58 
101 105 13 
101 106 21 
107 101 35 
101 108 11 
109 101 0 
110 101 58 
101 111 21 
101 112 48 
101 113 95 
101 114 94 
101 115 87 
101 116 60 
117 101 72 
101 118 17 
101 119 20 
101 120 67 
101 121 72 
101 122 97 
101 123 26 
101 124 86 
101 125 97 
101 126 15 
101 127 14 
102 103 51 
102 104 99 
102 105 63 
106 102 43 
102 107 47 
102 108 78 
109 102 53 
102 110 55 
102 111 76 
112 102 1 
102 113 29 
102 114 89 
102 115 74 
102 116 24 
102 117 12 
102 118 1 
102 119 90 
102 120 41 
102 121 72 
102 122 24 
102 123 50 
102 124 77 
102 125 12 
102 126 23 
127 102 16 
103 104 96 
105 103 28 
103 106 48 
103 107 47 
103 108 69 
103 109 3 
103 110 75 
103 111 36 
103 112 33 
113 103 46 
103 114 74 
103 115 68 
103 116 94 
103 117 24 
103 118 5 
103 119 93 
103 120 17 
103 122 93 
103 123 69 
103 124 32 
103 125 68 
103 126 30 
103 127 36 
105 104 33 
104 106 44 
107 104 87 
108 104 82 
104 109 84 
104 110 96 
104 111 95 
104 112 5 
113 104 19 
104 114 78 
104 115 55 
104 116 20 
104 117 46 
118 104 61 
104 119 95 
104 120 60 
104 121 64 
122 104 35 
104 123 51 
104 124 37 
125 104 18 
104 126 42 
104 127 25 
106 105 22 
107 105 15 
105 108 33 
109 105 3 
105 110 34 
105 111 28 
105 112 41 
105 113 97 
105 114 83 
105 115 21 
105 116 56 
105 117 29 
105 118 58 
105 119 98 
105 120 19 
105 121 16 
105 122 78 
123 105 16 
105 124 98 
105 125 6 
105 126 73 
105 127 77 
107 106 31 
106 108 79 
106 109 56 
106 110 17 
106 111 96 
106 112 25 
106 113 19 
106 114 10 
106 115 52 
116 106 82 
106 117 21 
106 119 69 
120 106 23 
106 122 15 
106 123 77 
106 124 16 
106 125 97 
106 126 46 
106 127 21 
107 108 58 
109 107 34 
107 110 57 
107 111 84 
112 107 94 
107 113 34 
114 107 17 
107 115 67 
107 116 99 
117 107 88 
107 118 86 
107 119 90 
107 120 95 
107 121 8 
122 107 4 
107 123 67 
107 124 64 
107 125 97 
107 126 64 
127 107 93 
108 109 59 
110 108 50 
108 111 18 
108 112 79 
108 113 68 
114 108 70 
108 115 20 
116 108 75 
108 117 86 
108 118 57 
119 108 93 
108 120 37 
108 121 37 
108 122 3 
108 123 87 
108 124 23 
108 125 33 
108 126 22 
108 127 84 
109 110 0 
109 111 57 
112 109 51 
109 113 38 
109 114 42 
109 115 67 
109 116 26 
109 117 24 
109 118 60 
109 119 12 
109 120 92 
121 109 29 
109 122 83 
109 123 30 
109 124 35 
109 125 86 
109 126 74 
127 109 88 
110 111 51 
110 112 60 
110 113 49 
110 114 42 
110 115 19 
110 116 88 
110 118 73 
110 119 19 
110 120 47 
110 121 65 
110 122 80 
110 123 59 
110 124 59 
110 126 6 
110 127 0 
111 112 83 
113 111 73 
111 114 50 
111 115 37 
111 117 59 
111 118 46 
111 119 34 
111 120 70 
111 121 70 
111 122 94 
111 123 1 
111 124 81 
111 125 76 
111 126 18 
111 127 19 
112 113 70 
112 114 11 
112 115 75 
112 116 20 
112 117 71 
112 118 34 
112 119 0 
112 120 18 
112 121 91 
122 112 35 
123 112 56 
112 124 3 
112 125 77 
126 112 77 
112 127 14 
113 114 31 
115 113 56 
113 116 92 
113 117 9 
113 118 57 
113 119 82 
113 120 46 
113 121 81 
113 122 24 
113 123 97 
124 113 0 
113 125 18 
113 126 75 
127 113 91 
114 115 29 
116 114 48 
114 117 22 
114 118 38 
114 119 15 
114 120 41 
114 121 4 
114 122 4 
114 123 31 
124 114 25 
114 125 43 
114 126 70 
114 127 15 
115 116 92 
115 118 55 
115 119 7 
120 115 86 
115 122 46 
115 123 52 
115 124 42 
115 125 95 
126 115 13 
115 127 67 
116 117 17 
116 118 11 
116 120 23 
116 121 78 
116 122 84 
116 123 59 
116 124 29 
125 116 36 
116 126 40 
116 127 95 
117 118 25 
117 119 54 
117 120 3 
117 121 48 
117 122 4 
117 123 67 
124 117 74 
117 125 54 
117 126 76 
117 127 13 
118 119 10 
118 120 72 
118 121 57 
118 123 66 
118 124 82 
118 125 69 
118 126 95 
127 118 82 
119 120 99 
121 119 98 
119 122 72 
119 123 82 
119 124 72 
119 125 61 
119 126 45 
119 127 79 
120 121 71 
120 122 90 
120 123 1 
120 124 95 
120 125 26 
120 126 23 
121 122 36 
121 123 32 
121 124 86 
121 125 68 
121 126 41 
121 127 8 
122 123 43 
122 124 53 
122 125 28 
122 126 88 
127 122 18 
124 123 25 
123 125 3 
123 127 57 
124 125 66 
126 124 88 
124 127 62 
125 126 53 
125 127 47 
126 127 12 
